0.034942626953125
0.034942626953125
0.034637451171875
0.032501220703125
0.0341796875
0.0347900390625
0.031280517578125
0.032196044921875
0.0311279296875
0.034942626953125
0.0341796875
0.03143310546875
0.033721923828125
0.0347900390625
0.031280517578125
0.034637451171875
0.034942626953125
0.03173828125
0.03265380859375
0.0323486328125
0.03509521484375
0.033416748046875
0.030975341796875
0.034637451171875
0.03509521484375
0.03204345703125
0.032806396484375
0.034942626953125
0.034332275390625
0.0311279296875
0.03143310546875
0.0341796875
0.031585693359375
0.03509521484375
0.032501220703125
0.032958984375
0.03509521484375
0.03204345703125
0.032958984375
0.03509521484375
0.033416748046875
0.03143310546875
0.03509521484375
0.0341796875
0.031280517578125
0.034027099609375
0.034942626953125
0.031280517578125
0.034637451171875
0.034637451171875
0.031280517578125
0.03448486328125
0.034637451171875
0.03173828125
0.033721923828125
0.0347900390625
0.03143310546875
0.033416748046875
0.034942626953125
0.03143310546875
0.033721923828125
0.034942626953125
0.031280517578125
0.0341796875
0.03448486328125
0.030975341796875
0.0347900390625
0.034027099609375
0.031280517578125
0.035247802734375
0.03326416015625
0.031890869140625
0.034942626953125
0.03265380859375
0.032958984375
0.03509521484375
0.032196044921875
0.032958984375
0.035247802734375
0.032501220703125
0.032501220703125
0.034942626953125
0.032501220703125
0.033111572265625
0.034942626953125
0.032196044921875
0.033111572265625
0.034942626953125
0.032196044921875
0.032806396484375
0.0347900390625
0.032806396484375
0.032501220703125
0.03509521484375
0.031585693359375
0.0335693359375
0.034637451171875
0.03173828125
0.033416748046875
0.0347900390625
0.03173828125
0.03265380859375
0.034942626953125
0.03204345703125
0.032806396484375
0.034942626953125
0.03173828125
0.032501220703125
0.034942626953125
0.032806396484375
0.03204345703125
0.03509521484375
0.032806396484375
0.033111572265625
0.03509521484375
0.0311279296875
0.034332275390625
0.0341796875
0.030975341796875
0.034942626953125
0.032958984375
0.03173828125
0.0347900390625
0.033721923828125
0.03143310546875
0.03509521484375
0.033111572265625
0.032501220703125
0.034942626953125
0.03173828125
0.03326416015625
0.034942626953125
0.03173828125
0.03326416015625
0.034942626953125
0.031890869140625
0.033111572265625
0.0347900390625
0.0323486328125
0.03265380859375
0.035247802734375
0.032958984375
0.03204345703125
0.035247802734375
0.033111572265625
0.03173828125
0.035247802734375
0.0311279296875
0.0311279296875
0.0347900390625
0.030975341796875
0.034637451171875
0.033721923828125
0.031280517578125
0.034942626953125
0.0335693359375
0.0311279296875
0.034637451171875
0.03387451171875
0.03082275390625
0.03509521484375
0.03387451171875
0.03143310546875
0.034942626953125
0.03326416015625
0.032501220703125
0.03509521484375
0.031890869140625
0.0335693359375
0.034942626953125
0.031280517578125
0.034332275390625
0.034637451171875
0.0311279296875
0.034332275390625
0.03387451171875
0.031280517578125
0.034942626953125
0.032958984375
0.03204345703125
0.03509521484375
0.033111572265625
0.032501220703125
0.034942626953125
0.0323486328125
0.032958984375
0.034942626953125
0.032196044921875
0.032806396484375
0.03509521484375
0.03173828125
0.033111572265625
0.034942626953125
0.03143310546875
0.03387451171875
0.03448486328125
0.0311279296875
0.0341796875
0.0341796875
0.03173828125
0.0347900390625
0.033721923828125
0.031890869140625
0.034942626953125
0.03265380859375
0.032806396484375
0.03509521484375
0.031890869140625
0.0335693359375
0.03509521484375
0.03143310546875
0.0341796875
0.0347900390625
0.03143310546875
0.033416748046875
0.034637451171875
0.031280517578125
0.034637451171875
0.034027099609375
0.031280517578125
0.034942626953125
0.03387451171875
0.031585693359375
0.03509521484375
0.032958984375
0.03204345703125
0.035247802734375
0.0323486328125
0.033416748046875
0.034942626953125
0.03173828125
0.033721923828125
0.0347900390625
0.031280517578125
0.03448486328125
0.0341796875
0.0311279296875
0.03509521484375
0.033416748046875
0.032501220703125
0.03509521484375
0.032501220703125
0.033416748046875
0.034637451171875
0.0311279296875
0.03448486328125
0.034027099609375
0.0311279296875
0.034942626953125
0.0335693359375
0.03143310546875
0.034942626953125
0.032806396484375
0.032806396484375
0.034637451171875
0.03082275390625
0.0347900390625
0.03387451171875
0.03143310546875
0.034942626953125
0.033416748046875
0.032806396484375
0.0347900390625
0.0311279296875
0.03387451171875
0.03448486328125
0.03448486328125
0.0311279296875
0.034637451171875
0.031280517578125
0.034942626953125
0.031280517578125
0.034942626953125
0.032958984375
0.03326416015625
0.034637451171875
0.030975341796875
0.034942626953125
0.03265380859375
0.0341796875
0.0341796875
0.030975341796875
0.035247802734375
0.033111572265625
0.032806396484375
0.0347900390625
0.031280517578125
0.034637451171875
0.0335693359375
0.032196044921875
0.0347900390625
0.030975341796875
0.0347900390625
0.03387451171875
0.031890869140625
0.034637451171875
0.031585693359375
0.034942626953125
0.031890869140625
0.03448486328125
0.03387451171875
0.03143310546875
0.034942626953125
0.030975341796875
0.034942626953125
0.032806396484375
0.033416748046875
0.0347900390625
0.03143310546875
0.034637451171875
0.034027099609375
0.03143310546875
0.03509521484375
0.032806396484375
0.033416748046875
0.034637451171875
0.0311279296875
0.035247802734375
0.032501220703125
0.033111572265625
0.034637451171875
0.0311279296875
0.03509521484375
0.03265380859375
0.03326416015625
0.034942626953125
0.0311279296875
0.034942626953125
0.033416748046875
0.033111572265625
0.0347900390625
0.0311279296875
0.034637451171875
0.033721923828125
0.031585693359375
0.03509521484375
0.031280517578125
0.034637451171875
0.033721923828125
0.0323486328125
0.035400390625
0.031585693359375
0.03448486328125
0.03509521484375
0.03143310546875
0.035247802734375
0.031585693359375
0.034637451171875
0.033416748046875
0.03326416015625
0.03448486328125
0.0311279296875
0.03509521484375
0.03082275390625
0.035247802734375
0.03326416015625
0.032958984375
0.0347900390625
0.0311279296875
0.0347900390625
0.0335693359375
0.031890869140625
0.03509521484375
0.03173828125
0.034332275390625
0.0341796875
0.03143310546875
0.035247802734375
0.031890869140625
0.0341796875
0.03448486328125
0.030975341796875
0.034942626953125
0.032501220703125
0.0341796875
0.0341796875
0.0311279296875
0.035247802734375
0.032806396484375
0.033111572265625
0.034637451171875
0.0311279296875
0.0347900390625
0.032501220703125
0.0335693359375
0.0347900390625
0.030975341796875
0.035247802734375
0.033111572265625
0.033111572265625
0.03448486328125
0.0311279296875
0.0347900390625
0.032196044921875
0.034027099609375
0.034332275390625
0.031585693359375
0.03509521484375
0.031280517578125
0.034637451171875
0.032958984375
0.033111572265625
0.0347900390625
0.0311279296875
0.034637451171875
0.032958984375
0.032806396484375
0.034942626953125
0.030975341796875
0.034942626953125
0.03265380859375
0.033721923828125
0.034027099609375
0.031890869140625
0.034942626953125
0.03143310546875
0.0347900390625
0.033721923828125
0.0323486328125
0.0347900390625
0.0311279296875
0.034637451171875
0.032958984375
0.033111572265625
0.0347900390625
0.03082275390625
0.034942626953125
0.03265380859375
0.03387451171875
0.034027099609375
0.03143310546875
0.035247802734375
0.03143310546875
0.034942626953125
0.032196044921875
0.034027099609375
0.033721923828125
0.032501220703125
0.034942626953125
0.03143310546875
0.03509521484375
0.031585693359375
0.0347900390625
0.033416748046875
0.03326416015625
0.0347900390625
0.03082275390625
0.03509521484375
0.032196044921875
0.034332275390625
0.034027099609375
0.03204345703125
0.0347900390625
0.0311279296875
0.03509521484375
0.032196044921875
0.034332275390625
0.034027099609375
0.032501220703125
0.03448486328125
0.03326416015625
0.033721923828125
0.032806396484375
0.03448486328125
0.03143310546875
0.03509521484375
0.03082275390625
0.034942626953125
0.03265380859375
0.033416748046875
0.034027099609375
0.03173828125
0.034942626953125
0.03143310546875
0.0347900390625
0.033111572265625
0.0335693359375
0.034332275390625
0.031280517578125
0.034942626953125
0.031280517578125
0.034942626953125
0.032501220703125
0.033416748046875
0.034027099609375
0.032196044921875
0.03448486328125
0.0311279296875
0.03509521484375
0.031280517578125
0.034637451171875
0.032806396484375
0.03387451171875
0.034027099609375
0.032501220703125
0.0347900390625
0.0311279296875
0.034942626953125
0.032806396484375
0.034027099609375
0.03387451171875
0.032806396484375
0.0347900390625
0.0311279296875
0.035247802734375
0.03143310546875
0.034637451171875
0.033111572265625
0.0341796875
0.03387451171875
0.034027099609375
0.03387451171875
0.032196044921875
0.034637451171875
0.030975341796875
0.03509521484375
0.031585693359375
0.0347900390625
0.032501220703125
0.03448486328125
0.032958984375
0.033111572265625
0.034637451171875
0.03173828125
0.035247802734375
0.031585693359375
0.03509521484375
0.0323486328125
0.034027099609375
0.034027099609375
0.03173828125
0.03509521484375
0.030975341796875
0.035247802734375
0.031585693359375
0.0347900390625
0.033416748046875
0.033111572265625
0.03448486328125
0.0311279296875
0.03509521484375
0.03143310546875
0.03448486328125
0.033111572265625
0.033721923828125
0.03387451171875
0.032196044921875
0.0347900390625
0.030975341796875
0.035247802734375
0.03143310546875
0.03448486328125
0.033416748046875
0.03326416015625
0.034332275390625
0.031585693359375
0.034942626953125
0.0311279296875
0.035247802734375
0.03143310546875
0.034942626953125
0.0323486328125
0.034637451171875
0.033416748046875
0.03387451171875
0.034027099609375
0.03265380859375
0.03448486328125
0.030975341796875
0.034942626953125
0.030975341796875
0.03509521484375
0.03173828125
0.034637451171875
0.03265380859375
0.03509521484375
0.03204345703125
0.03448486328125
0.031585693359375
0.034942626953125
0.030975341796875
0.035247802734375
0.030975341796875
0.034942626953125
0.0311279296875
0.03509521484375
0.032196044921875
0.034637451171875
0.03509521484375
0.03509521484375
0.033416748046875
0.03387451171875
0.032501220703125
0.0341796875
0.03143310546875
0.034942626953125
0.03082275390625
0.035247802734375
0.03143310546875
0.034942626953125
0.031890869140625
0.0347900390625
0.03265380859375
0.0341796875
0.03387451171875
0.033111572265625
0.0341796875
0.03143310546875
0.03509521484375
0.03143310546875
0.034942626953125
0.030975341796875
0.035247802734375
0.03143310546875
0.0347900390625
0.032806396484375
0.03448486328125
0.032958984375
0.033721923828125
0.0335693359375
0.033416748046875
0.034027099609375
0.03326416015625
0.034027099609375
0.0323486328125
0.034332275390625
0.03204345703125
0.03448486328125
0.03143310546875
0.0347900390625
0.031585693359375
0.035247802734375
0.030975341796875
0.03509521484375
0.0311279296875
0.035400390625
0.03173828125
0.0347900390625
0.032958984375
0.03387451171875
0.033721923828125
0.033416748046875
0.034027099609375
0.032958984375
0.03448486328125
0.031890869140625
0.0347900390625
0.030975341796875
0.034942626953125
0.0311279296875
0.034942626953125
0.03204345703125
0.034637451171875
0.03265380859375
0.034637451171875
0.03326416015625
0.034027099609375
0.0335693359375
0.033416748046875
0.034332275390625
0.032196044921875
0.03448486328125
0.031585693359375
0.03509521484375
0.0311279296875
0.03509521484375
0.030975341796875
0.034942626953125
0.030975341796875
0.03509521484375
0.0311279296875
0.033721923828125
0.031585693359375
0.03082275390625
0.034027099609375
0.035247802734375
0.03143310546875
0.033111572265625
0.03448486328125
0.0311279296875
0.034942626953125
0.030670166015625
0.034027099609375
0.0335693359375
0.03173828125
0.03448486328125
0.031585693359375
0.03326416015625
0.03448486328125
0.030975341796875
0.034332275390625
0.032806396484375
0.031890869140625
0.034942626953125
0.030975341796875
0.034332275390625
0.0341796875
0.03143310546875
0.034942626953125
0.033721923828125
0.0323486328125
0.0347900390625
0.03082275390625
0.0347900390625
0.030975341796875
0.03509521484375
0.0311279296875
0.034942626953125
0.03082275390625
0.034637451171875
0.03173828125
0.03448486328125
0.03204345703125
0.0341796875
0.03143310546875
0.034637451171875
0.03143310546875
0.034332275390625
0.03143310546875
0.034332275390625
0.031585693359375
0.0341796875
0.031890869140625
0.034332275390625
0.03173828125
0.03448486328125
0.033721923828125
0.032806396484375
0.034942626953125
0.03082275390625
0.0347900390625
0.03082275390625
0.034332275390625
0.031890869140625
0.0335693359375
0.032806396484375
0.033111572265625
0.034027099609375
0.03265380859375
0.034942626953125
0.03082275390625
0.034942626953125
0.03082275390625
0.034637451171875
0.03143310546875
0.03448486328125
0.031890869140625
0.0341796875
0.03173828125
0.034332275390625
0.031890869140625
0.03387451171875
0.034027099609375
0.031280517578125
0.034942626953125
0.030975341796875
0.034332275390625
0.0335693359375
0.03082275390625
0.034027099609375
0.03326416015625
0.032501220703125
0.0347900390625
0.032958984375
0.03143310546875
0.0347900390625
0.03082275390625
0.03448486328125
0.031890869140625
0.0335693359375
0.03448486328125
0.03082275390625
0.031585693359375
0.034637451171875
0.03173828125
0.034027099609375
0.0341796875
0.0311279296875
0.03143310546875
0.031280517578125
0.031890869140625
0.03326416015625
0.03143310546875
0.031890869140625
0.032958984375
0.034637451171875
0.034637451171875
0.032501220703125
0.0311279296875
0.0341796875
0.034637451171875
0.031280517578125
0.031280517578125
0.0341796875
0.034637451171875
0.0335693359375
0.03173828125
0.031585693359375
0.030670166015625
0.032196044921875
0.032958984375
0.03173828125
0.032958984375
0.03387451171875
0.03448486328125
0.034942626953125
0.03448486328125
0.034332275390625
0.03387451171875
0.03143310546875
0.031585693359375
0.03448486328125
0.0347900390625
0.034332275390625
0.0347900390625
0.034942626953125
0.034637451171875
0.034027099609375
0.03387451171875
0.032501220703125
0.031585693359375
0.0311279296875
0.03082275390625
0.0311279296875
0.03265380859375
0.03448486328125
0.031585693359375
0.034637451171875
0.03082275390625
0.03387451171875
0.0335693359375
0.031890869140625
0.0347900390625
0.03082275390625
0.034027099609375
0.033111572265625
0.032958984375
0.0341796875
0.03082275390625
0.03448486328125
0.0323486328125
0.0335693359375
0.03448486328125
0.031280517578125
0.034637451171875
0.0311279296875
0.034332275390625
0.0335693359375
0.033721923828125
0.03326416015625
0.03326416015625
0.03448486328125
0.032806396484375
0.030975341796875
0.03448486328125
0.032958984375
0.03387451171875
0.032958984375
0.032196044921875
0.035247802734375
0.030975341796875
0.034942626953125
0.03143310546875
0.034332275390625
0.032196044921875
0.034637451171875
0.0323486328125
0.034332275390625
0.03265380859375
0.034027099609375
0.03387451171875
0.03265380859375
0.03448486328125
0.03204345703125
0.035247802734375
0.03143310546875
0.035247802734375
0.03082275390625
0.03509521484375
0.030975341796875
0.034942626953125
0.031280517578125
0.034637451171875
0.0323486328125
0.03387451171875
0.034942626953125
0.03265380859375
0.033416748046875
0.03173828125
0.03143310546875
0.033721923828125
0.034332275390625
0.034027099609375
0.032501220703125
0.034637451171875
0.034027099609375
0.03143310546875
0.0347900390625
0.031585693359375
0.030975341796875
0.032501220703125
0.034942626953125
0.034637451171875
0.032196044921875
0.032806396484375
0.0347900390625
0.03082275390625
0.03509521484375
0.030975341796875
0.034332275390625
0.031890869140625
0.03204345703125
0.034942626953125
0.030975341796875
0.03448486328125
0.033111572265625
0.032196044921875
0.03448486328125
0.03143310546875
0.034027099609375
0.032501220703125
0.032196044921875
0.034942626953125
0.0311279296875
0.034942626953125
0.030670166015625
0.0347900390625
0.032196044921875
0.0341796875
0.033111572265625
0.03326416015625
0.034332275390625
0.032196044921875
0.034942626953125
0.0311279296875
0.0347900390625
0.031585693359375
0.0341796875
0.032806396484375
0.0335693359375
0.03448486328125
0.0323486328125
0.034942626953125
0.031280517578125
0.0347900390625
0.030975341796875
0.03448486328125
0.032501220703125
0.03387451171875
0.033721923828125
0.0323486328125
0.034637451171875
0.031280517578125
0.035247802734375
0.031280517578125
0.03448486328125
0.03204345703125
0.0341796875
0.03326416015625
0.0335693359375
0.0335693359375
0.032806396484375
0.034332275390625
0.031890869140625
0.034637451171875
0.031280517578125
0.034942626953125
0.03143310546875
0.03448486328125
0.032501220703125
0.033721923828125
0.033111572265625
0.03326416015625
0.034637451171875
0.031280517578125
0.034942626953125
0.032196044921875
0.034027099609375
0.0341796875
0.03326416015625
0.03509521484375
0.0311279296875
0.034942626953125
0.03173828125
0.034027099609375
0.033416748046875
0.03326416015625
0.034332275390625
0.031585693359375
0.035247802734375
0.030975341796875
0.0347900390625
0.030975341796875
0.034942626953125
0.033111572265625
0.033721923828125
0.034332275390625
0.03204345703125
0.034637451171875
0.0311279296875
0.03509521484375
0.031585693359375
0.034332275390625
0.032806396484375
0.033721923828125
0.0341796875
0.032958984375
0.034637451171875
0.0323486328125
0.0347900390625
0.0311279296875
0.035400390625
0.031280517578125
0.034942626953125
0.032196044921875
0.033416748046875
0.034332275390625
0.03173828125
0.034942626953125
0.03143310546875
0.0341796875
0.03387451171875
0.033111572265625
0.0347900390625
