4.399566650390625
4.4012451171875
4.40093994140625
4.40093994140625
4.401092529296875
4.407806396484375
4.403839111328125
4.410400390625
4.413909912109375
4.412078857421875
4.411468505859375
4.411468505859375
4.413909912109375
4.415740966796875
4.415130615234375
4.414825439453125
4.416351318359375
4.414520263671875
4.415283203125
4.416046142578125
4.4146728515625
4.414825439453125
4.416351318359375
4.415130615234375
4.415740966796875
4.415283203125
4.4146728515625
4.415435791015625
4.41650390625
4.414825439453125
4.415130615234375
4.4158935546875
4.4158935546875
4.416656494140625
4.415740966796875
4.415435791015625
4.4171142578125
4.415435791015625
4.415435791015625
4.41680908203125
4.41558837890625
4.415740966796875
4.415740966796875
4.4158935546875
4.41619873046875
4.4158935546875
4.415435791015625
4.416046142578125
4.41650390625
4.416046142578125
4.415740966796875
4.414520263671875
4.414215087890625
4.41558837890625
4.41497802734375
4.415435791015625
4.416046142578125
4.41558837890625
4.41558837890625
4.4158935546875
4.415740966796875
4.414825439453125
4.41558837890625
4.41619873046875
4.415740966796875
4.4158935546875
4.416351318359375
4.416046142578125
4.416961669921875
4.41497802734375
4.415740966796875
4.416656494140625
4.415283203125
4.4140625
4.413604736328125
4.411773681640625
4.4122314453125
4.41192626953125
4.412384033203125
4.412841796875
4.412384033203125
4.412689208984375
4.41253662109375
4.412689208984375
4.41314697265625
4.412078857421875
4.41192626953125
4.412689208984375
4.41162109375
4.412994384765625
4.412994384765625
4.411163330078125
4.413299560546875
4.41436767578125
4.41558837890625
4.416046142578125
4.414825439453125
4.414825439453125
4.416046142578125
4.414825439453125
4.416046142578125
4.4158935546875
4.4140625
4.41558837890625
4.415130615234375
4.41497802734375
4.416351318359375
4.41619873046875
4.4146728515625
4.41619873046875
4.415435791015625
4.41497802734375
4.41619873046875
4.415283203125
4.41619873046875
4.415740966796875
4.415130615234375
4.41497802734375
4.415435791015625
4.415130615234375
4.41619873046875
4.415435791015625
4.414215087890625
4.416351318359375
4.4134521484375
4.415130615234375
4.4158935546875
4.415130615234375
4.41650390625
4.416046142578125
4.414825439453125
4.41619873046875
4.415435791015625
4.415130615234375
4.416351318359375
4.416351318359375
4.416351318359375
4.416046142578125
4.41497802734375
4.41680908203125
4.415740966796875
4.41558837890625
4.416351318359375
4.41558837890625
4.4146728515625
4.41558837890625
4.415740966796875
4.41497802734375
4.415283203125
4.415283203125
4.415283203125
4.4158935546875
4.412994384765625
4.411163330078125
4.41314697265625
4.4122314453125
4.41253662109375
4.41253662109375
4.412841796875
4.4122314453125
4.412078857421875
4.4110107421875
4.41192626953125
4.4122314453125
4.41192626953125
4.4122314453125
4.412078857421875
4.411773681640625
4.41192626953125
4.412384033203125
4.412078857421875
4.412841796875
4.41558837890625
4.414825439453125
4.415283203125
4.415283203125
4.414825439453125
4.41650390625
4.4158935546875
4.415130615234375
4.416046142578125
4.415130615234375
4.415435791015625
4.415283203125
4.416046142578125
4.41558837890625
4.41680908203125
4.415283203125
4.415130615234375
4.41558837890625
4.415130615234375
4.416046142578125
4.414825439453125
4.416046142578125
4.4158935546875
4.41558837890625
4.4158935546875
4.416351318359375
4.41497802734375
4.416046142578125
4.415740966796875
4.41558837890625
4.416351318359375
4.414520263671875
4.4158935546875
4.416656494140625
4.415740966796875
4.416351318359375
4.41558837890625
4.41558837890625
4.416656494140625
4.415130615234375
4.41650390625
4.41558837890625
4.4146728515625
4.416046142578125
4.4171142578125
4.416046142578125
4.4158935546875
4.41497802734375
4.41558837890625
4.41619873046875
4.41558837890625
4.415130615234375
4.416046142578125
4.414825439453125
4.415435791015625
4.415130615234375
4.41558837890625
4.415283203125
4.41497802734375
4.4140625
4.4122314453125
4.411773681640625
4.413299560546875
4.411773681640625
4.41192626953125
4.412994384765625
4.41192626953125
4.41253662109375
4.412384033203125
4.411468505859375
4.4110107421875
4.41162109375
4.412078857421875
4.41192626953125
4.4122314453125
4.412078857421875
4.411468505859375
4.411773681640625
4.412994384765625
4.414520263671875
4.4140625
4.41436767578125
4.415740966796875
4.416351318359375
4.415283203125
4.416656494140625
4.415283203125
4.414825439453125
4.4158935546875
4.4146728515625
4.415740966796875
4.4158935546875
4.416351318359375
4.416656494140625
4.41497802734375
4.41558837890625
4.41680908203125
4.414825439453125
4.415740966796875
4.41497802734375
4.415130615234375
4.415130615234375
4.415435791015625
4.415283203125
4.4158935546875
4.41650390625
4.4158935546875
4.4158935546875
4.4146728515625
4.41497802734375
4.415283203125
4.414825439453125
4.4158935546875
4.415283203125
4.414215087890625
4.41619873046875
4.415283203125
4.41619873046875
4.41619873046875
4.41558837890625
4.416351318359375
4.415435791015625
4.415130615234375
4.416046142578125
4.415283203125
4.416046142578125
4.416351318359375
4.414825439453125
4.409332275390625
4.407196044921875
4.407196044921875
4.407196044921875
4.402923583984375
4.4024658203125
4.402923583984375
4.4061279296875
4.40826416015625
4.408111572265625
4.40155029296875
4.3994140625
4.400177001953125
4.400177001953125
4.400482177734375
4.403228759765625
4.402313232421875
4.40032958984375
4.40093994140625
4.40032958984375
4.400177001953125
4.400787353515625
4.40185546875
4.400634765625
4.39910888671875
4.398651123046875
4.39971923828125
4.40093994140625
4.400482177734375
4.401092529296875
4.4024658203125
4.406280517578125
4.407958984375
4.405975341796875
4.412384033203125
4.415130615234375
4.41650390625
4.415283203125
4.41558837890625
4.416351318359375
4.415435791015625
4.415283203125
4.415130615234375
4.415283203125
4.416046142578125
4.415283203125
4.415435791015625
4.4158935546875
4.416046142578125
4.415435791015625
4.416351318359375
4.4140625
4.41650390625
4.41619873046875
4.416046142578125
4.415740966796875
4.4146728515625
4.415283203125
4.415283203125
4.415283203125
4.41650390625
4.415740966796875
4.41436767578125
4.41497802734375
4.415283203125
4.415435791015625
4.41650390625
4.415435791015625
4.41558837890625
4.41497802734375
4.415435791015625
4.415130615234375
4.415740966796875
4.41436767578125
4.415130615234375
4.415740966796875
4.41497802734375
4.41802978515625
4.41741943359375
4.415130615234375
4.417572021484375
4.4171142578125
4.41741943359375
4.417877197265625
4.4171142578125
4.418182373046875
4.417724609375
4.41680908203125
4.415740966796875
4.413909912109375
4.41436767578125
4.414520263671875
4.412689208984375
4.412078857421875
4.412689208984375
4.412841796875
4.413299560546875
4.411468505859375
4.412384033203125
4.411468505859375
4.412384033203125
4.412078857421875
4.41192626953125
4.41314697265625
4.41131591796875
4.412689208984375
4.412689208984375
4.413299560546875
4.4146728515625
4.415283203125
4.41497802734375
4.414825439453125
4.415130615234375
4.41619873046875
4.4140625
4.415130615234375
4.41558837890625
4.41497802734375
4.415740966796875
4.41436767578125
4.415283203125
4.41558837890625
4.415740966796875
4.414825439453125
4.416046142578125
4.414825439453125
4.415740966796875
4.41558837890625
4.415283203125
4.41619873046875
4.41497802734375
4.415130615234375
4.415435791015625
4.414825439453125
4.41558837890625
4.416046142578125
4.415435791015625
4.416046142578125
4.414825439453125
4.415130615234375
4.41558837890625
4.4146728515625
4.416046142578125
4.416961669921875
4.416351318359375
4.4158935546875
4.41497802734375
4.416046142578125
4.415435791015625
4.41558837890625
4.415130615234375
4.415435791015625
4.415740966796875
4.41558837890625
4.41497802734375
4.416656494140625
4.41558837890625
4.41619873046875
4.4158935546875
4.415740966796875
4.416046142578125
4.415130615234375
4.415283203125
4.4158935546875
4.415283203125
4.415435791015625
4.4140625
4.412078857421875
4.4134521484375
4.41192626953125
4.41253662109375
4.41314697265625
4.412689208984375
4.41253662109375
4.4122314453125
4.41314697265625
4.412994384765625
4.412384033203125
4.411773681640625
4.41162109375
4.41253662109375
4.41253662109375
4.411773681640625
4.4110107421875
4.41162109375
4.41314697265625
4.415130615234375
4.41497802734375
4.41558837890625
4.415130615234375
4.415283203125
4.415435791015625
4.414215087890625
4.416046142578125
4.415435791015625
4.415740966796875
4.41619873046875
4.415435791015625
4.415283203125
4.415435791015625
4.416046142578125
4.415283203125
4.415435791015625
4.416351318359375
4.415435791015625
4.415283203125
4.41619873046875
4.415435791015625
4.415283203125
4.41619873046875
4.4158935546875
4.41619873046875
4.41619873046875
4.414520263671875
4.416046142578125
4.41558837890625
4.415740966796875
4.41619873046875
4.41497802734375
4.41680908203125
4.41558837890625
4.415740966796875
4.415130615234375
4.414825439453125
4.415435791015625
4.415740966796875
4.415283203125
4.4158935546875
4.41497802734375
4.41680908203125
4.415740966796875
4.41558837890625
4.4158935546875
4.416656494140625
4.415740966796875
4.416046142578125
4.414825439453125
4.41619873046875
4.41558837890625
4.415740966796875
4.41558837890625
4.415435791015625
4.415435791015625
4.415130615234375
4.412994384765625
4.412994384765625
4.412689208984375
4.413604736328125
4.41162109375
4.412689208984375
4.411468505859375
4.411773681640625
4.412689208984375
4.41192626953125
4.41162109375
4.411773681640625
4.411773681640625
4.412689208984375
4.4122314453125
4.412689208984375
4.4122314453125
4.412841796875
4.41253662109375
4.41375732421875
4.414825439453125
4.414825439453125
4.416351318359375
4.41497802734375
4.415435791015625
4.41497802734375
4.4158935546875
4.416046142578125
4.414825439453125
4.415130615234375
4.416046142578125
4.416046142578125
4.41680908203125
4.415130615234375
4.41558837890625
4.415130615234375
4.415130615234375
4.416046142578125
4.414520263671875
4.4158935546875
4.41619873046875
4.41497802734375
4.41650390625
4.4146728515625
4.40887451171875
4.406585693359375
4.40673828125
4.407958984375
4.40643310546875
4.412689208984375
4.41558837890625
4.415740966796875
4.41436767578125
4.41558837890625
4.415130615234375
4.415435791015625
4.41619873046875
4.415740966796875
4.415283203125
4.415283203125
4.4146728515625
4.416046142578125
4.41558837890625
4.415435791015625
4.415740966796875
4.415130615234375
4.415283203125
4.415435791015625
4.415283203125
4.41619873046875
4.4158935546875
4.41680908203125
4.415283203125
4.414825439453125
4.416046142578125
4.414520263671875
4.41497802734375
4.41314697265625
4.412841796875
4.412689208984375
4.41192626953125
4.412078857421875
4.41131591796875
4.412689208984375
4.4122314453125
4.41253662109375
4.412384033203125
4.410552978515625
4.412384033203125
4.41131591796875
4.41375732421875
4.412384033203125
4.41253662109375
4.412078857421875
4.411163330078125
4.411773681640625
4.41436767578125
4.41619873046875
4.415435791015625
4.41497802734375
4.415283203125
4.415130615234375
4.416046142578125
4.4158935546875
4.415740966796875
4.41650390625
4.415130615234375
4.415283203125
4.415435791015625
4.41619873046875
4.416656494140625
4.416046142578125
4.416656494140625
4.414825439453125
4.41619873046875
4.4158935546875
4.415435791015625
4.415740966796875
4.4146728515625
4.416046142578125
4.41619873046875
4.415435791015625
4.41619873046875
4.414825439453125
4.4158935546875
4.415740966796875
4.415283203125
4.416046142578125
4.416046142578125
4.415435791015625
4.41558837890625
4.415435791015625
4.416046142578125
4.41619873046875
4.415740966796875
4.415283203125
4.4158935546875
4.415435791015625
4.4140625
4.416046142578125
4.414825439453125
4.41497802734375
4.415740966796875
4.415435791015625
4.41558837890625
4.415283203125
4.416046142578125
4.4158935546875
4.41436767578125
4.414825439453125
4.41619873046875
4.415435791015625
4.415740966796875
4.415283203125
4.412841796875
4.412384033203125
4.41162109375
4.411773681640625
4.411773681640625
4.412994384765625
4.412078857421875
4.41253662109375
4.41131591796875
4.41253662109375
4.411468505859375
4.412689208984375
4.411773681640625
4.4122314453125
4.411163330078125
4.412384033203125
4.41131591796875
4.41192626953125
4.411773681640625
4.414825439453125
4.415740966796875
4.41436767578125
4.4146728515625
4.415283203125
4.414825439453125
4.41650390625
4.41497802734375
4.415740966796875
4.415283203125
4.414825439453125
4.415283203125
4.41497802734375
4.4158935546875
4.415283203125
4.415130615234375
4.41558837890625
4.41497802734375
4.41558837890625
4.415435791015625
4.415435791015625
4.41650390625
4.414520263671875
4.4073486328125
4.405975341796875
4.40826416015625
4.408416748046875
4.408721923828125
4.404449462890625
4.403533935546875
4.404144287109375
4.4036865234375
4.404449462890625
4.4036865234375
4.404144287109375
4.40704345703125
4.408111572265625
4.40673828125
4.404144287109375
4.402923583984375
4.402313232421875
4.40399169921875
4.40399169921875
4.40277099609375
4.403533935546875
4.406280517578125
4.4036865234375
4.403076171875
4.40338134765625
4.403533935546875
4.4024658203125
4.402618408203125
4.403076171875
4.404296875
4.406890869140625
4.403839111328125
4.40338134765625
4.401397705078125
4.400177001953125
4.40032958984375
4.399261474609375
4.40155029296875
4.402008056640625
4.3994140625
4.40032958984375
4.399261474609375
4.399871826171875
4.398651123046875
4.3994140625
4.400177001953125
4.4000244140625
4.39971923828125
4.398956298828125
4.4000244140625
4.399871826171875
4.401397705078125
4.40216064453125
4.4024658203125
4.402618408203125
4.4036865234375
4.405975341796875
4.40673828125
4.405364990234375
4.404449462890625
4.404449462890625
4.40521240234375
4.404296875
4.406585693359375
4.403839111328125
4.404449462890625
4.404296875
4.405364990234375
4.404754638671875
4.40521240234375
4.404754638671875
4.404296875
4.40460205078125
4.404144287109375
4.406585693359375
4.406890869140625
4.4061279296875
4.405517578125
4.404754638671875
4.407501220703125
4.405364990234375
4.404754638671875
4.403076171875
4.4036865234375
4.40643310546875
4.40460205078125
4.403228759765625
4.403228759765625
4.40399169921875
4.40582275390625
4.40673828125
4.40765380859375
4.40643310546875
4.407501220703125
4.408111572265625
4.403533935546875
4.400634765625
4.402923583984375
4.40826416015625
4.40765380859375
4.408111572265625
4.4091796875
4.407196044921875
4.4036865234375
4.404449462890625
4.403228759765625
4.400634765625
4.40032958984375
4.4012451171875
4.40032958984375
4.400177001953125
4.399871826171875
4.40093994140625
4.40521240234375
4.404754638671875
4.4012451171875
4.399566650390625
4.4012451171875
4.40185546875
4.402008056640625
4.40338134765625
4.4036865234375
4.404296875
4.4024658203125
4.403228759765625
4.40399169921875
4.403533935546875
4.40338134765625
4.403228759765625
4.40460205078125
4.40338134765625
4.403533935546875
4.404449462890625
4.403839111328125
4.403533935546875
4.403533935546875
4.403076171875
4.40399169921875
4.403533935546875
4.406280517578125
4.407958984375
4.407958984375
4.4085693359375
4.408416748046875
4.40765380859375
4.406890869140625
4.408416748046875
4.407958984375
4.409027099609375
4.406890869140625
4.407501220703125
4.407196044921875
4.410247802734375
4.40948486328125
4.406890869140625
4.409942626953125
4.41558837890625
4.416046142578125
4.4158935546875
4.414825439453125
4.41436767578125
4.415283203125
4.415435791015625
4.41650390625
4.415283203125
4.414520263671875
4.415130615234375
4.41558837890625
4.4158935546875
4.4146728515625
4.415740966796875
4.415130615234375
4.416046142578125
4.41558837890625
4.414520263671875
4.412078857421875
4.412078857421875
4.412384033203125
4.412078857421875
4.412078857421875
4.41070556640625
4.41192626953125
4.41070556640625
4.410400390625
4.412078857421875
4.41131591796875
4.412994384765625
4.412078857421875
4.41131591796875
4.411773681640625
4.41131591796875
4.412689208984375
4.41436767578125
4.41619873046875
4.41131591796875
4.40399169921875
4.4000244140625
4.395904541015625
4.403533935546875
4.40826416015625
4.406890869140625
4.404754638671875
4.407806396484375
4.39666748046875
4.39788818359375
4.401702880859375
4.40093994140625
4.398193359375
4.397735595703125
4.403228759765625
4.40093994140625
4.391632080078125
4.396820068359375
4.40093994140625
4.402008056640625
4.3988037109375
4.40521240234375
4.40704345703125
4.407196044921875
4.406890869140625
4.416046142578125
4.416046142578125
4.41558837890625
4.415435791015625
4.414520263671875
4.41558837890625
4.416351318359375
4.41558837890625
4.414520263671875
4.416656494140625
4.415130615234375
4.416046142578125
4.414825439453125
4.415283203125
4.415283203125
4.41497802734375
4.415283203125
4.4146728515625
4.415740966796875
4.415283203125
4.416656494140625
4.41497802734375
4.41314697265625
4.41253662109375
4.41192626953125
4.41253662109375
4.41192626953125
4.412384033203125
4.411773681640625
4.412689208984375
4.41131591796875
4.41253662109375
4.411773681640625
4.412384033203125
4.41162109375
4.412689208984375
4.411468505859375
4.411468505859375
4.410400390625
4.412384033203125
4.415435791015625
4.41558837890625
4.41558837890625
4.41497802734375
4.41497802734375
4.4146728515625
4.416351318359375
4.41558837890625
4.416351318359375
4.4158935546875
4.41650390625
4.415283203125
4.41558837890625
4.416046142578125
4.41558837890625
4.41619873046875
4.416046142578125
4.415435791015625
4.41558837890625
4.416351318359375
4.416046142578125
4.41558837890625
4.41619873046875
