3.651580810546875
4.36309814453125
4.39666748046875
4.398651123046875
4.4097900390625
4.4140625
4.412841796875
4.412384033203125
4.41558837890625
4.288787841796875
3.91937255859375
3.525390625
3.114776611328125
2.70050048828125
2.305145263671875
1.934967041015625
1.620941162109375
1.3641357421875
1.183624267578125
1.085205078125
1.0723876953125
1.14532470703125
1.30035400390625
1.5264892578125
1.81976318359375
2.170257568359375
2.562103271484375
2.97332763671875
3.3892822265625
3.78448486328125
4.15496826171875
4.41162109375
4.417572021484375
4.41497802734375
4.41619873046875
4.4158935546875
4.415435791015625
4.415740966796875
4.41619873046875
4.378204345703125
4.04052734375
3.654327392578125
3.236083984375
2.814483642578125
2.405548095703125
2.024078369140625
1.690216064453125
1.41937255859375
1.22314453125
1.110076904296875
1.0833740234375
1.14654541015625
1.2939453125
1.518402099609375
1.813812255859375
2.16766357421875
3.048248291015625
3.492279052734375
3.89495849609375
4.261322021484375
4.42169189453125
4.416961669921875
4.416046142578125
4.416351318359375
4.416046142578125
4.41558837890625
4.413604736328125
4.4134521484375
4.318389892578125
3.950653076171875
3.553924560546875
3.1280517578125
2.708282470703125
2.30438232421875
1.937408447265625
1.619873046875
1.367645263671875
1.1920166015625
1.09893798828125
1.0943603515625
1.17706298828125
1.345672607421875
1.59088134765625
1.90338134765625
2.27020263671875
2.677459716796875
3.100433349609375
3.526763916015625
3.9251708984375
4.28314208984375
4.421234130859375
4.41558837890625
4.4146728515625
4.41558837890625
4.41436767578125
4.4158935546875
4.41558837890625
4.41558837890625
4.32769775390625
3.967132568359375
3.566436767578125
3.14117431640625
2.7178955078125
2.313385009765625
1.942596435546875
1.62322998046875
1.370849609375
1.1956787109375
1.10198974609375
1.096038818359375
1.179046630859375
1.350250244140625
1.598052978515625
1.912689208984375
2.281341552734375
2.690582275390625
3.121185302734375
3.5467529296875
3.9422607421875
4.297637939453125
4.422607421875
4.41497802734375
4.415130615234375
4.4146728515625
4.415283203125
4.415283203125
4.4146728515625
4.416046142578125
4.293365478515625
3.925323486328125
3.52447509765625
3.0987548828125
2.676239013671875
2.26898193359375
1.903076171875
1.591033935546875
1.345367431640625
1.17919921875
1.097412109375
1.102447509765625
1.194915771484375
1.3702392578125
1.62109375
1.93328857421875
2.303466796875
2.705535888671875
3.129425048828125
3.55743408203125
3.96697998046875
4.32525634765625
4.41802978515625
4.4122314453125
4.412841796875
4.41162109375
4.411773681640625
4.41253662109375
4.412841796875
4.412841796875
4.27825927734375
3.901824951171875
3.497314453125
3.06854248046875
2.644500732421875
2.24029541015625
1.876678466796875
1.570281982421875
1.33026123046875
1.1700439453125
1.09405517578125
1.1065673828125
1.207275390625
1.390533447265625
1.6510009765625
1.97784423828125
2.637786865234375
3.08746337890625
3.5223388671875
3.92425537109375
4.293212890625
4.42230224609375
4.4146728515625
4.415130615234375
4.416046142578125
4.41558837890625
4.415130615234375
4.41619873046875
4.41650390625
4.31732177734375
3.9501953125
3.55255126953125
3.1243896484375
2.69775390625
2.294158935546875
1.923980712890625
1.60552978515625
1.35772705078125
1.18621826171875
1.0992431640625
1.10137939453125
1.197357177734375
1.38580322265625
1.6448974609375
1.97174072265625
2.350311279296875
2.765350341796875
3.19580078125
3.618316650390625
4.0118408203125
4.354095458984375
4.41986083984375
4.4158935546875
4.414825439453125
4.415130615234375
4.415283203125
4.41558837890625
4.415283203125
4.416046142578125
4.229736328125
3.8531494140625
3.44390869140625
3.011016845703125
2.589263916015625
2.191162109375
1.835479736328125
1.533660888671875
1.302337646484375
1.15264892578125
1.089935302734375
1.118621826171875
1.236114501953125
1.436920166015625
1.71478271484375
2.0599365234375
2.4505615234375
2.87261962890625
3.309326171875
3.72711181640625
4.11041259765625
4.39910888671875
4.415130615234375
4.411773681640625
4.412078857421875
4.412078857421875
4.412384033203125
4.41192626953125
4.41436767578125
4.410400390625
4.11834716796875
3.72894287109375
3.30902099609375
2.874755859375
2.46185302734375
2.07275390625
1.73004150390625
1.449432373046875
1.241607666015625
1.122589111328125
1.090240478515625
1.148681640625
1.294403076171875
1.52191162109375
1.822509765625
2.1795654296875
2.583160400390625
3.01025390625
3.43475341796875
3.843841552734375
4.216461181640625
4.41986083984375
4.415740966796875
4.414825439453125
4.41619873046875
4.4158935546875
4.415283203125
4.416351318359375
4.41558837890625
4.35760498046875
4.00421142578125
3.60870361328125
3.181610107421875
2.751617431640625
2.3382568359375
1.960906982421875
1.63330078125
1.37725830078125
1.19842529296875
1.103363037109375
1.09832763671875
1.183624267578125
1.3555908203125
1.604766845703125
1.924896240234375
2.464752197265625
2.910308837890625
3.353424072265625
3.77655029296875
4.161376953125
4.4134521484375
4.416961669921875
4.415130615234375
4.41497802734375
4.407196044921875
4.40704345703125
4.4073486328125
4.402923583984375
4.362945556640625
4.017333984375
3.62030029296875
3.189697265625
2.758026123046875
2.34161376953125
1.960906982421875
1.63116455078125
1.371612548828125
1.19140625
1.0980224609375
1.095123291015625
1.186981201171875
1.366729736328125
1.6229248046875
1.950531005859375
2.330169677734375
2.7410888671875
3.1744384765625
3.602294921875
3.999481201171875
4.344329833984375
4.411163330078125
4.4036865234375
4.4049072265625
4.403533935546875
4.404144287109375
4.403076171875
4.40460205078125
4.403076171875
4.196319580078125
3.8055419921875
3.378448486328125
2.945709228515625
2.523040771484375
2.1246337890625
1.772613525390625
1.479644775390625
1.263885498046875
1.13037109375
1.086578369140625
1.133270263671875
1.269989013671875
1.495819091796875
1.79229736328125
2.142181396484375
2.53997802734375
2.962188720703125
3.39752197265625
3.808746337890625
4.187774658203125
4.41619873046875
4.417266845703125
4.41497802734375
4.41497802734375
4.4158935546875
4.4171142578125
4.415435791015625
4.416046142578125
4.359130859375
4.00787353515625
3.607940673828125
3.180999755859375
2.749176025390625
2.3370361328125
1.957244873046875
1.629791259765625
1.371002197265625
1.19171142578125
1.10015869140625
1.0986328125
1.186065673828125
1.3629150390625
1.616363525390625
1.94305419921875
2.320404052734375
2.734375
3.15582275390625
3.58306884765625
3.979644775390625
4.3316650390625
4.418487548828125
4.412384033203125
4.412689208984375
4.4122314453125
4.412384033203125
4.412689208984375
4.411773681640625
4.413299560546875
4.2327880859375
3.845672607421875
3.432159423828125
2.99560546875
2.57476806640625
2.1746826171875
1.813812255859375
1.51214599609375
1.285552978515625
1.1419677734375
1.0888671875
1.12762451171875
1.2567138671875
1.47216796875
1.7596435546875
2.108612060546875
2.760772705078125
3.21502685546875
3.64990234375
4.043731689453125
4.375457763671875
4.4195556640625
4.41680908203125
4.415283203125
4.415435791015625
4.41558837890625
4.416351318359375
4.415740966796875
4.416656494140625
4.144744873046875
3.75274658203125
3.331146240234375
2.895050048828125
2.471923828125
2.079620361328125
1.731109619140625
1.44683837890625
1.23992919921875
1.12030029296875
1.09039306640625
1.154327392578125
1.3079833984375
1.541290283203125
1.849822998046875
2.216033935546875
2.624359130859375
3.05908203125
3.48724365234375
3.89923095703125
4.273681640625
4.4207763671875
4.41619873046875
4.416351318359375
4.41558837890625
4.4158935546875
4.416656494140625
4.415130615234375
4.415740966796875
4.255828857421875
3.868865966796875
3.45703125
3.025970458984375
2.5970458984375
2.191162109375
1.82830810546875
1.5240478515625
1.292572021484375
1.145477294921875
1.089324951171875
1.127471923828125
1.257171630859375
1.472930908203125
1.763458251953125
2.117156982421875
2.517547607421875
2.94769287109375
3.380584716796875
3.795318603515625
4.175262451171875
4.4122314453125
4.41436767578125
4.411773681640625
4.412384033203125
4.41192626953125
4.412689208984375
4.4122314453125
4.413299560546875
4.35791015625
4.00390625
3.60504150390625
3.16925048828125
2.737884521484375
2.321014404296875
1.94061279296875
1.61529541015625
1.358184814453125
1.183013916015625
1.09710693359375
1.104583740234375
1.205902099609375
1.39556884765625
1.66259765625
1.995849609375
2.38525390625
2.807464599609375
3.246917724609375
3.6822509765625
4.0753173828125
4.390869140625
4.41925048828125
4.415283203125
4.41650390625
4.416046142578125
4.415130615234375
4.4158935546875
4.4158935546875
4.403228759765625
4.085235595703125
3.684234619140625
3.253326416015625
2.816925048828125
2.39593505859375
2.0068359375
1.673126220703125
1.400604248046875
1.209869384765625
1.107025146484375
1.09619140625
1.1773681640625
1.3494873046875
1.6015625
1.922454833984375
2.439727783203125
2.892608642578125
3.33892822265625
3.762969970703125
4.151611328125
4.41131591796875
4.417724609375
4.41497802734375
4.414215087890625
4.415740966796875
4.41497802734375
4.414825439453125
4.41436767578125
4.35455322265625
3.99139404296875
3.582763671875
3.147430419921875
2.70660400390625
2.28912353515625
1.90643310546875
1.5850830078125
1.33453369140625
1.168060302734375
1.092376708984375
1.112060546875
1.22283935546875
1.421966552734375
1.69921875
2.04132080078125
2.434844970703125
2.866363525390625
3.309326171875
3.732757568359375
4.12750244140625
4.407501220703125
4.41741943359375
4.41650390625
4.41558837890625
4.41680908203125
4.4171142578125
4.41680908203125
4.41741943359375
4.378814697265625
4.02984619140625
3.628997802734375
3.191680908203125
2.7557373046875
2.334442138671875
1.9482421875
1.61865234375
1.361083984375
1.18377685546875
1.09771728515625
1.105499267578125
1.2091064453125
1.4019775390625
1.674041748046875
2.018280029296875
2.41485595703125
2.844390869140625
3.2891845703125
3.719329833984375
4.11224365234375
4.40521240234375
4.4183349609375
4.416046142578125
4.41558837890625
4.41497802734375
4.41558837890625
4.41497802734375
4.41619873046875
4.264984130859375
3.87451171875
3.45947265625
3.018646240234375
2.586517333984375
2.176971435546875
1.810760498046875
1.505889892578125
1.277618408203125
1.138153076171875
1.089630126953125
1.135711669921875
1.274261474609375
1.49810791015625
1.798248291015625
2.161102294921875
2.5665283203125
3.000946044921875
3.4393310546875
3.855438232421875
4.235076904296875
4.418487548828125
4.412384033203125
4.412841796875
4.411468505859375
4.412384033203125
4.411773681640625
4.411163330078125
4.4134521484375
4.27978515625
3.896942138671875
3.47930908203125
3.0364990234375
2.60406494140625
2.193603515625
1.827239990234375
1.520843505859375
1.287384033203125
1.141815185546875
1.088714599609375
1.130828857421875
1.266021728515625
1.4886474609375
1.786651611328125
2.15301513671875
2.7227783203125
3.173370361328125
3.614044189453125
4.018402099609375
4.363861083984375
4.4195556640625
4.41558837890625
4.415435791015625
4.41436767578125
4.416046142578125
4.414825439453125
4.415130615234375
4.4110107421875
4.10858154296875
3.7030029296875
3.270721435546875
2.82562255859375
2.398529052734375
2.0025634765625
1.663360595703125
1.390228271484375
1.201629638671875
1.10321044921875
1.09954833984375
1.1895751953125
1.3714599609375
1.63543701171875
1.97052001953125
2.3602294921875
2.788238525390625
3.23455810546875
3.667449951171875
4.06890869140625
4.387969970703125
4.41986083984375
4.415130615234375
4.41497802734375
4.416046142578125
4.415740966796875
4.416046142578125
4.415435791015625
4.394683837890625
4.061126708984375
3.65631103515625
3.21685791015625
2.777252197265625
2.348785400390625
1.956329345703125
1.622772216796875
1.361236572265625
1.18438720703125
1.09710693359375
1.104888916015625
1.20819091796875
1.400909423828125
1.674041748046875
2.015838623046875
2.41119384765625
2.841339111328125
3.287811279296875
3.721160888671875
4.118194580078125
4.4024658203125
4.414825439453125
4.41131591796875
4.41192626953125
4.41192626953125
4.412384033203125
4.41314697265625
4.41253662109375
4.359588623046875
3.994903564453125
3.58245849609375
3.14117431640625
2.701568603515625
2.281646728515625
1.90338134765625
1.579437255859375
1.3287353515625
1.165008544921875
1.09222412109375
1.114959716796875
1.234130859375
1.441497802734375
1.72698974609375
2.08160400390625
2.483673095703125
2.91595458984375
3.358154296875
3.785552978515625
4.175872802734375
4.41558837890625
4.417877197265625
4.4146728515625
4.41436767578125
4.415283203125
4.415740966796875
4.415283203125
4.416351318359375
4.312744140625
3.934783935546875
3.515625
3.076019287109375
2.632293701171875
2.211456298828125
1.83807373046875
1.522064208984375
1.27655029296875
1.13006591796875
1.087188720703125
1.147003173828125
1.305389404296875
1.552734375
1.884307861328125
2.46917724609375
2.95196533203125
3.416595458984375
3.845672607421875
4.23126220703125
4.41253662109375
4.40399169921875
4.402923583984375
4.402618408203125
4.403533935546875
4.40216064453125
4.403533935546875
4.40216064453125
4.16290283203125
3.75762939453125
3.316192626953125
2.862548828125
2.402801513671875
1.99859619140625
1.647491455078125
1.369171142578125
1.17523193359375
1.09039306640625
1.10321044921875
1.216888427734375
1.429595947265625
1.72119140625
2.099609375
2.54364013671875
3.0169677734375
3.455047607421875
3.903656005859375
4.290313720703125
4.410400390625
4.403076171875
4.40399169921875
4.401702880859375
4.40277099609375
4.402618408203125
4.404449462890625
4.40521240234375
4.143524169921875
3.736724853515625
3.30169677734375
2.857208251953125
2.42523193359375
2.026214599609375
1.678314208984375
1.399993896484375
1.20391845703125
1.0992431640625
1.09100341796875
1.1798095703125
1.36016845703125
1.625518798828125
1.962890625
2.3486328125
2.774505615234375
3.21929931640625
3.66058349609375
4.062957763671875
4.385223388671875
4.40826416015625
4.406890869140625
4.406280517578125
4.4036865234375
4.403076171875
4.404296875
4.404144287109375
4.33837890625
3.964691162109375
3.54400634765625
3.087158203125
2.642364501953125
2.218780517578125
1.8408203125
1.5179443359375
1.278228759765625
1.132354736328125
1.08245849609375
1.13372802734375
1.281280517578125
1.5203857421875
1.842041015625
2.221527099609375
2.648773193359375
3.094482421875
3.53790283203125
3.96331787109375
4.3280029296875
4.4073486328125
4.402313232421875
4.404296875
4.40185546875
4.403076171875
4.402008056640625
4.402008056640625
4.361419677734375
3.951568603515625
3.5211181640625
2.577667236328125
1.998443603515625
1.602935791015625
1.334991455078125
1.1602783203125
1.085205078125
1.11358642578125
1.25213623046875
1.47979736328125
1.787261962890625
2.164306640625
3.172454833984375
3.658447265625
4.0753173828125
4.39208984375
4.411468505859375
4.40826416015625
4.407501220703125
4.403839111328125
4.404296875
4.403839111328125
4.40460205078125
4.115447998046875
3.67767333984375
3.201751708984375
2.729644775390625
2.2833251953125
1.830291748046875
1.504058837890625
1.248779296875
1.11419677734375
1.086883544921875
1.18377685546875
1.4105224609375
1.728668212890625
2.138214111328125
2.610626220703125
3.099517822265625
3.599395751953125
4.0625
4.40155029296875
4.40582275390625
4.4097900390625
4.406890869140625
4.40521240234375
4.39239501953125
4.01153564453125
3.5516357421875
3.05419921875
2.557830810546875
2.068023681640625
1.685638427734375
1.348724365234375
1.163482666015625
1.083831787109375
1.130828857421875
1.30126953125
1.570587158203125
1.909637451171875
2.302093505859375
2.74017333984375
3.197174072265625
3.654022216796875
4.071502685546875
4.391021728515625
4.405975341796875
4.404754638671875
4.40460205078125
4.405364990234375
4.405517578125
4.4049072265625
4.40521240234375
4.293975830078125
3.898162841796875
3.463134765625
3.01055908203125
2.563629150390625
2.137298583984375
1.76483154296875
1.4630126953125
1.2432861328125
1.11572265625
1.08734130859375
1.16058349609375
1.33056640625
1.58111572265625
1.909942626953125
2.313079833984375
2.746429443359375
3.1964111328125
3.641815185546875
4.05181884765625
4.385986328125
4.419097900390625
4.415283203125
4.414825439453125
4.416046142578125
4.41558837890625
4.415740966796875
4.4158935546875
4.352874755859375
3.97979736328125
3.5614013671875
3.115997314453125
2.66876220703125
2.24609375
1.869964599609375
1.5472412109375
1.301727294921875
1.14715576171875
1.088409423828125
1.1285400390625
1.2646484375
1.489105224609375
1.79779052734375
2.16827392578125
3.0682373046875
3.541412353515625
4.403228759765625
4.402313232421875
4.399566650390625
4.405975341796875
4.40643310546875
4.39849853515625
4.11407470703125
3.688507080078125
3.22662353515625
2.75299072265625
2.30560302734375
1.885223388671875
1.527557373046875
1.272430419921875
1.121826171875
1.0821533203125
1.15142822265625
1.320037841796875
1.578369140625
1.911468505859375
2.313232421875
2.74993896484375
3.20648193359375
3.65966796875
4.07745361328125
4.3896484375
4.4097900390625
4.414825439453125
4.415130615234375
4.415130615234375
4.414825439453125
4.41558837890625
4.415740966796875
4.307861328125
3.919525146484375
3.491058349609375
3.03314208984375
2.58636474609375
2.16461181640625
1.792144775390625
1.4849853515625
1.258544921875
1.124267578125
1.087188720703125
1.151275634765625
1.311798095703125
1.570281982421875
1.909332275390625
2.301177978515625
2.73651123046875
