0.473175048828125
0.4730224609375
0.474700927734375
0.45623779296875
0.467681884765625
0.44952392578125
0.47576904296875
0.475006103515625
0.46905517578125
0.449066162109375
0.474700927734375
0.465240478515625
0.448455810546875
0.47119140625
0.474090576171875
0.45440673828125
0.448455810546875
0.468597412109375
0.4742431640625
0.448150634765625
0.46051025390625
0.47393798828125
0.449981689453125
0.464019775390625
0.475921630859375
0.4510498046875
0.459747314453125
0.474700927734375
0.457305908203125
0.46295166015625
0.472412109375
0.448150634765625
0.47607421875
0.454559326171875
0.455322265625
0.47576904296875
0.450286865234375
0.46051025390625
0.47210693359375
0.448455810546875
0.46905517578125
0.469818115234375
0.44769287109375
0.4656982421875
0.471343994140625
0.44952392578125
0.472412109375
0.46875
0.44891357421875
0.461578369140625
0.447235107421875
0.46295166015625
0.451507568359375
0.464935302734375
0.452880859375
0.474090576171875
0.45013427734375
0.46173095703125
0.465545654296875
0.446929931640625
0.464630126953125
0.45989990234375
0.453338623046875
0.475311279296875
0.4473876953125
0.4754638671875
0.4547119140625
0.4534912109375
0.475921630859375
0.452728271484375
0.4632568359375
0.471954345703125
0.448150634765625
0.472412109375
0.4632568359375
0.467071533203125
0.458221435546875
0.45440673828125
0.47607421875
0.458221435546875
0.452880859375
0.475311279296875
0.457000732421875
0.455169677734375
0.475921630859375
0.45379638671875
0.454559326171875
0.475311279296875
0.461883544921875
0.45318603515625
0.476226806640625
0.45135498046875
0.455780029296875
0.476226806640625
0.45562744140625
0.452423095703125
0.476226806640625
0.45318603515625
0.45623779296875
0.447998046875
0.474395751953125
0.4522705078125
0.464630126953125
0.46417236328125
0.457611083984375
0.4681396484375
0.452423095703125
0.471343994140625
0.4510498046875
0.47515869140625
0.447998046875
0.475616455078125
0.447998046875
0.475921630859375
0.447998046875
0.474853515625
0.44921875
0.47607421875
0.447998046875
0.4693603515625
0.460662841796875
0.4559326171875
0.468902587890625
0.47607421875
0.44891357421875
0.47393798828125
0.45135498046875
0.46966552734375
0.457763671875
0.4656982421875
0.456695556640625
0.463714599609375
0.464324951171875
0.453948974609375
0.4730224609375
0.450286865234375
0.474090576171875
0.449066162109375
0.47576904296875
0.447845458984375
0.475006103515625
0.449676513671875
0.4730224609375
0.453338623046875
0.4693603515625
0.45440673828125
0.468292236328125
0.45196533203125
0.46844482421875
0.462799072265625
0.4473876953125
0.45166015625
0.47149658203125
0.465087890625
0.44769287109375
0.4510498046875
0.466461181640625
0.464935302734375
0.45440673828125
0.473785400390625
0.446624755859375
0.475006103515625
0.44677734375
0.4620361328125
0.47515869140625
0.46630859375
0.45501708984375
0.44921875
0.45867919921875
0.47332763671875
0.447998046875
0.46844482421875
0.44921875
0.468902587890625
0.47454833984375
0.4656982421875
0.46966552734375
0.467071533203125
0.46722412109375
0.472259521484375
0.446624755859375
0.457611083984375
0.460357666015625
0.474090576171875
0.44647216796875
0.458221435546875
0.474395751953125
0.4510498046875
0.4547119140625
0.44708251953125
0.454254150390625
0.466766357421875
0.472259521484375
0.447540283203125
0.449066162109375
0.471343994140625
0.453033447265625
0.466766357421875
0.458831787109375
0.457763671875
0.4718017578125
0.47515869140625
0.448150634765625
0.459136962890625
0.447235107421875
0.466156005859375
0.46661376953125
0.464630126953125
0.455474853515625
0.455322265625
0.475311279296875
0.44952392578125
0.465545654296875
0.467529296875
0.448150634765625
0.472564697265625
0.46112060546875
0.449066162109375
0.451202392578125
0.474700927734375
0.44891357421875
0.471954345703125
0.459747314453125
0.451507568359375
0.476226806640625
0.44952392578125
0.465087890625
0.470123291015625
0.448150634765625
0.47393798828125
0.4559326171875
0.4571533203125
0.4754638671875
0.447845458984375
0.468902587890625
0.46722412109375
0.45440673828125
0.47637939453125
0.4547119140625
0.46173095703125
0.472869873046875
0.44769287109375
0.474853515625
0.452880859375
0.46051025390625
0.469207763671875
0.45013427734375
0.474853515625
0.458984375
0.4510498046875
0.475311279296875
0.4534912109375
0.4644775390625
0.47119140625
0.450439453125
0.47637939453125
0.45501708984375
0.458221435546875
0.47271728515625
0.447845458984375
0.468902587890625
0.465087890625
0.448760986328125
0.47607421875
0.453643798828125
0.463104248046875
0.450897216796875
0.47515869140625
0.453033447265625
0.461883544921875
0.47210693359375
0.448455810546875
0.47454833984375
0.457763671875
0.451202392578125
0.47607421875
0.45623779296875
0.4547119140625
0.47515869140625
0.44921875
0.46112060546875
0.47149658203125
0.44830322265625
0.471038818359375
0.455169677734375
0.458221435546875
0.474090576171875
0.44830322265625
0.471038818359375
0.464324951171875
0.45013427734375
0.45562744140625
0.4754638671875
0.448455810546875
0.474395751953125
0.454254150390625
0.46600341796875
0.466461181640625
0.45196533203125
0.475006103515625
0.447845458984375
0.476226806640625
0.44952392578125
0.469512939453125
0.46051025390625
0.46173095703125
0.46539306640625
0.4541015625
0.4705810546875
0.449981689453125
0.475921630859375
0.449371337890625
0.471649169921875
0.4583740234375
0.46142578125
0.47454833984375
0.4510498046875
0.46844482421875
0.459442138671875
0.455169677734375
0.46783447265625
0.460662841796875
0.4486083984375
0.4754638671875
0.453643798828125
0.46661376953125
0.46417236328125
0.451202392578125
0.47576904296875
0.460205078125
0.45257568359375
0.475616455078125
0.448760986328125
0.4638671875
0.460205078125
0.456085205078125
0.474090576171875
0.447998046875
0.475311279296875
0.465240478515625
0.450286865234375
0.475921630859375
0.44952392578125
0.472869873046875
0.45745849609375
0.461578369140625
0.467071533203125
0.44891357421875
0.476226806640625
0.450286865234375
0.47210693359375
0.4559326171875
0.461883544921875
0.469207763671875
0.448150634765625
0.47576904296875
0.450286865234375
0.46905517578125
0.4583740234375
0.459136962890625
0.473175048828125
0.448150634765625
0.47607421875
0.4559326171875
0.458831787109375
0.4705810546875
0.447998046875
0.475921630859375
0.451812744140625
0.468597412109375
0.462493896484375
0.45379638671875
0.472412109375
0.447998046875
0.475921630859375
0.451812744140625
0.467071533203125
0.46173095703125
0.45654296875
0.474395751953125
0.447540283203125
0.475006103515625
0.452728271484375
0.465240478515625
0.46722412109375
0.44891357421875
0.47576904296875
0.453643798828125
0.46051025390625
0.4681396484375
0.450439453125
0.475616455078125
0.44921875
0.474090576171875
0.454864501953125
0.462799072265625
0.47027587890625
0.450592041015625
0.475616455078125
0.451812744140625
0.464935302734375
0.46722412109375
0.450592041015625
0.4754638671875
0.450592041015625
0.46905517578125
0.461273193359375
0.454254150390625
0.472869873046875
0.447845458984375
0.474853515625
0.46875
0.450592041015625
0.47607421875
0.44830322265625
0.472412109375
0.457305908203125
0.4547119140625
0.47393798828125
0.447540283203125
0.472412109375
0.457305908203125
0.4571533203125
0.47454833984375
0.447998046875
0.47332763671875
0.455322265625
0.463409423828125
0.467987060546875
0.44952392578125
0.476226806640625
0.45196533203125
0.464630126953125
0.466766357421875
0.44830322265625
0.475921630859375
0.46875
0.449371337890625
0.475921630859375
0.45074462890625
0.46722412109375
0.462188720703125
0.4522705078125
0.47576904296875
0.44921875
0.474395751953125
0.457611083984375
0.457916259765625
0.475311279296875
0.448455810546875
0.472259521484375
0.459747314453125
0.45501708984375
0.472412109375
0.448150634765625
0.47332763671875
0.45928955078125
0.455169677734375
0.47515869140625
0.467987060546875
0.4486083984375
0.467376708984375
0.466461181640625
0.449676513671875
0.47607421875
0.44891357421875
0.4705810546875
0.462799072265625
0.452423095703125
0.4754638671875
0.44921875
0.471954345703125
0.46112060546875
0.45440673828125
0.4754638671875
0.4486083984375
0.469512939453125
0.46356201171875
0.451507568359375
0.475616455078125
0.45166015625
0.467529296875
0.465087890625
0.45745849609375
0.449981689453125
0.47393798828125
0.46051025390625
0.454254150390625
0.474853515625
0.448150634765625
0.471343994140625
0.45867919921875
0.450592041015625
0.47576904296875
0.4547119140625
0.464324951171875
0.467071533203125
0.45013427734375
0.476226806640625
0.4547119140625
0.457916259765625
0.474853515625
0.44769287109375
0.474395751953125
0.458831787109375
0.45196533203125
0.47607421875
0.465087890625
0.448150634765625
0.46173095703125
0.472869873046875
0.449066162109375
0.468292236328125
0.46722412109375
0.44830322265625
0.474700927734375
0.45623779296875
0.45806884765625
0.472869873046875
0.448150634765625
0.47119140625
0.460205078125
0.45440673828125
0.474090576171875
0.450897216796875
0.463714599609375
0.470733642578125
0.447998046875
0.47576904296875
0.45440673828125
0.456695556640625
0.4681396484375
0.472259521484375
0.45074462890625
0.464019775390625
0.472564697265625
0.44952392578125
0.467681884765625
0.46844482421875
0.44921875
0.475616455078125
0.450897216796875
0.461273193359375
0.475311279296875
0.449981689453125
0.46600341796875
0.467376708984375
0.448455810546875
0.4736328125
0.46112060546875
0.454559326171875
0.475921630859375
0.450592041015625
0.464630126953125
0.47027587890625
0.458526611328125
0.450897216796875
0.475311279296875
0.45501708984375
0.46142578125
0.47637939453125
0.45257568359375
0.457916259765625
0.47454833984375
0.448455810546875
0.469512939453125
0.46661376953125
0.449371337890625
0.471649169921875
0.4638671875
0.4510498046875
0.47607421875
0.453033447265625
0.462188720703125
0.4742431640625
0.44891357421875
0.46630859375
0.467681884765625
0.44830322265625
0.46661376953125
0.46966552734375
0.447845458984375
0.470733642578125
0.465087890625
0.44891357421875
0.4754638671875
0.45654296875
0.453338623046875
0.476226806640625
0.452423095703125
0.463714599609375
0.470123291015625
0.448150634765625
0.448150634765625
0.448150634765625
0.448150634765625
0.45318603515625
0.47576904296875
0.45013427734375
0.46173095703125
0.473480224609375
0.44921875
0.469818115234375
0.474090576171875
0.45013427734375
0.466156005859375
0.469512939453125
0.447845458984375
0.46966552734375
0.465850830078125
0.449676513671875
0.47515869140625
0.46234130859375
0.451507568359375
0.47576904296875
0.45623779296875
0.454559326171875
0.47607421875
0.45318603515625
0.45989990234375
0.474700927734375
0.45135498046875
0.46478271484375
0.47149658203125
0.44830322265625
0.46966552734375
0.4681396484375
0.448760986328125
0.45745849609375
0.475006103515625
0.450439453125
0.4608154296875
0.4754638671875
0.45166015625
0.462799072265625
0.47332763671875
0.4510498046875
0.459747314453125
0.473480224609375
0.4498291015625
0.4608154296875
0.47271728515625
0.447998046875
0.465850830078125
0.470428466796875
0.44830322265625
0.47027587890625
0.46539306640625
0.4486083984375
0.4736328125
0.462188720703125
0.44921875
0.47027587890625
0.470733642578125
0.447998046875
0.469818115234375
0.47119140625
0.447998046875
0.472412109375
0.461578369140625
0.4510498046875
0.4754638671875
0.462493896484375
0.449371337890625
0.4742431640625
0.46051025390625
0.454254150390625
0.476226806640625
0.452728271484375
0.45623779296875
0.4754638671875
0.4534912109375
0.45684814453125
0.47607421875
0.453948974609375
0.449371337890625
0.47027587890625
0.471649169921875
0.448150634765625
0.465087890625
0.47332763671875
0.452117919921875
0.452728271484375
0.475921630859375
0.455322265625
0.45867919921875
0.47515869140625
0.451812744140625
0.456085205078125
0.475921630859375
0.453948974609375
0.454254150390625
0.47576904296875
0.4559326171875
0.450439453125
0.474853515625
0.456390380859375
0.4541015625
0.4754638671875
0.458526611328125
0.45013427734375
0.4736328125
0.460052490234375
0.450439453125
0.47576904296875
0.457611083984375
0.450286865234375
0.47454833984375
0.457763671875
0.4522705078125
0.475921630859375
0.458221435546875
0.451507568359375
0.474853515625
0.458526611328125
0.45166015625
0.476226806640625
0.45379638671875
0.456695556640625
0.47576904296875
0.457611083984375
0.45257568359375
0.47576904296875
0.462646484375
0.447998046875
0.468597412109375
0.46722412109375
0.447845458984375
0.468292236328125
0.46875
0.449371337890625
0.47088623046875
0.465087890625
0.44921875
0.475921630859375
0.458221435546875
0.450897216796875
0.47393798828125
0.463714599609375
0.44952392578125
0.4736328125
0.459442138671875
0.449981689453125
0.473175048828125
0.46661376953125
0.447845458984375
0.46905517578125
0.475616455078125
0.45501708984375
0.4547119140625
0.47454833984375
0.46173095703125
0.44921875
0.47607421875
0.45501708984375
0.452423095703125
0.475311279296875
0.460357666015625
0.449981689453125
0.474853515625
0.462188720703125
0.449371337890625
0.475006103515625
0.4632568359375
0.44891357421875
0.472412109375
0.465087890625
0.448455810546875
0.471954345703125
0.468902587890625
0.447998046875
0.46295166015625
0.47576904296875
0.454254150390625
0.453643798828125
0.47454833984375
0.46356201171875
0.448150634765625
0.469970703125
0.46875
0.447998046875
0.47210693359375
0.467987060546875
0.448455810546875
0.465850830078125
0.4718017578125
0.448150634765625
0.46630859375
0.47271728515625
0.449676513671875
0.45989990234375
0.474853515625
0.451812744140625
0.457916259765625
0.4754638671875
0.46661376953125
0.448150634765625
0.4681396484375
0.470733642578125
0.449066162109375
0.464630126953125
0.473480224609375
0.4498291015625
0.460968017578125
0.475616455078125
0.457763671875
0.452880859375
0.474090576171875
0.46356201171875
0.448455810546875
0.473175048828125
0.464630126953125
0.44830322265625
0.468902587890625
0.4705810546875
0.448150634765625
0.465850830078125
0.472869873046875
0.4498291015625
0.4473876953125
0.46142578125
0.475921630859375
0.45989990234375
0.45013427734375
0.4742431640625
0.465545654296875
0.447998046875
0.46722412109375
0.4736328125
0.452423095703125
0.45562744140625
0.47637939453125
0.459136962890625
0.451202392578125
0.474395751953125
0.46234130859375
0.44891357421875
0.4705810546875
0.470733642578125
0.449066162109375
0.460052490234375
0.475311279296875
0.452880859375
0.449676513671875
0.470733642578125
0.468902587890625
0.448455810546875
0.4644775390625
0.474700927734375
0.45440673828125
0.45379638671875
0.474090576171875
0.465240478515625
0.448150634765625
0.46478271484375
0.475311279296875
0.458221435546875
0.4486083984375
0.46844482421875
0.46234130859375
0.47607421875
0.456390380859375
0.452880859375
0.475006103515625
0.46478271484375
0.447845458984375
0.4632568359375
0.4754638671875
0.46630859375
0.44830322265625
0.4608154296875
0.47576904296875
0.45654296875
0.45166015625
0.4754638671875
0.462799072265625
0.447998046875
0.4669189453125
0.473480224609375
0.453338623046875
0.45196533203125
0.4730224609375
0.4718017578125
0.449981689453125
0.459442138671875
0.47607421875
0.457000732421875
0.451507568359375
0.4718017578125
0.468292236328125
0.447998046875
0.45562744140625
0.475006103515625
0.46295166015625
0.44830322265625
0.467987060546875
0.47515869140625
0.45379638671875
0.453338623046875
0.474853515625
0.450286865234375
0.447998046875
0.467987060546875
0.474395751953125
0.453338623046875
0.453033447265625
0.47515869140625
0.465087890625
0.448150634765625
0.4681396484375
0.473175048828125
0.452117919921875
0.451507568359375
0.47027587890625
0.47027587890625
0.4534912109375
0.450439453125
0.47088623046875
0.472259521484375
0.454864501953125
0.451507568359375
0.471343994140625
0.4736328125
0.44921875
0.46142578125
0.47515869140625
0.457916259765625
0.44891357421875
0.469512939453125
0.471954345703125
0.45013427734375
0.455780029296875
0.473480224609375
0.468902587890625
0.449371337890625
0.45684814453125
0.47576904296875
0.467376708984375
0.451202392578125
0.475616455078125
0.4718017578125
0.452117919921875
0.452880859375
0.475006103515625
0.46630859375
0.447845458984375
0.46173095703125
0.475311279296875
0.459442138671875
0.44830322265625
0.467071533203125
0.47576904296875
0.456695556640625
0.44952392578125
0.472259521484375
0.471954345703125
0.451202392578125
0.45166015625
0.472259521484375
0.467376708984375
0.44891357421875
0.460357666015625
0.4718017578125
0.4742431640625
0.451812744140625
0.453033447265625
0.47393798828125
0.46783447265625
0.447998046875
0.460205078125
0.475921630859375
0.45989990234375
0.448150634765625
0.465545654296875
0.47515869140625
0.45440673828125
0.450897216796875
0.472412109375
0.468292236328125
0.44952392578125
0.457763671875
0.476226806640625
0.464630126953125
0.4486083984375
0.462646484375
0.475616455078125
0.46875
0.452880859375
0.449981689453125
0.46905517578125
0.4730224609375
0.452880859375
0.453033447265625
0.4736328125
0.464324951171875
0.447998046875
0.463409423828125
0.475616455078125
0.46051025390625
0.448455810546875
0.466766357421875
0.474700927734375
0.455322265625
0.45074462890625
0.47271728515625
0.47119140625
0.45013427734375
0.452423095703125
0.47271728515625
0.47027587890625
0.4547119140625
0.45013427734375
0.469970703125
0.47393798828125
0.4541015625
0.45166015625
0.4730224609375
0.46905517578125
0.449676513671875
0.457611083984375
0.474395751953125
0.471954345703125
0.45196533203125
0.455169677734375
