0.001373291015625
0.001220703125
0.00152587890625
0.00152587890625
0.00152587890625
0.00152587890625
0.00152587890625
0.001373291015625
0.001373291015625
0.001678466796875
0.00152587890625
0.001373291015625
0.001373291015625
0.001373291015625
0.001373291015625
0.00152587890625
0.00152587890625
0.001220703125
0.001220703125
0.001373291015625
0.001373291015625
0.00152587890625
0.001373291015625
0.00152587890625
0.001220703125
0.001373291015625
0.001373291015625
0.001373291015625
0.00152587890625
0.00152587890625
0.001373291015625
0.001678466796875
0.001373291015625
0.00152587890625
0.001220703125
0.00152587890625
0.001373291015625
0.00152587890625
0.00152587890625
0.001373291015625
0.001678466796875
0.001678466796875
0.00152587890625
0.001220703125
0.00152587890625
0.001373291015625
0.00152587890625
0.00152587890625
0.001373291015625
0.00152587890625
0.001373291015625
0.001373291015625
0.001373291015625
0.00152587890625
0.00152587890625
0.001373291015625
0.001373291015625
0.00152587890625
0.001220703125
0.001373291015625
0.00152587890625
0.00152587890625
0.041961669921875
0.04638671875
0.047454833984375
0.047454833984375
0.045928955078125
0.042724609375
0.03021240234375
0.004730224609375
0.00152587890625
0.00152587890625
0.00152587890625
0.00152587890625
0.00152587890625
0.00152587890625
0.001373291015625
0.00152587890625
0.001373291015625
0.001220703125
0.00152587890625
0.001373291015625
0.001373291015625
0.00152587890625
0.00152587890625
0.001220703125
0.00152587890625
0.037994384765625
0.05157470703125
0.05584716796875
0.06011962890625
0.062713623046875
0.0640869140625
0.06378173828125
0.062103271484375
0.059661865234375
0.055389404296875
0.050506591796875
0.044708251953125
0.026397705078125
0.001983642578125
0.001678466796875
0.00152587890625
0.00152587890625
0.001373291015625
0.001678466796875
0.001373291015625
0.001678466796875
0.001373291015625
0.00152587890625
0.001373291015625
0.00152587890625
0.00152587890625
0.001220703125
0.001220703125
0.036468505859375
0.052337646484375
0.057525634765625
0.06317138671875
0.0677490234375
0.07110595703125
0.07293701171875
0.073089599609375
0.072174072265625
0.06988525390625
0.06622314453125
0.0616455078125
0.056304931640625
0.050201416015625
0.043182373046875
0.018310546875
0.001373291015625
0.001678466796875
0.001373291015625
0.00152587890625
0.00152587890625
0.001373291015625
0.00152587890625
0.001373291015625
0.00152587890625
0.001373291015625
0.001373291015625
0.001373291015625
0.001373291015625
0.0433349609375
0.052947998046875
0.059661865234375
0.065460205078125
0.070343017578125
0.074462890625
0.077056884765625
0.07843017578125
0.077972412109375
0.07659912109375
0.07354736328125
0.0689697265625
0.064239501953125
0.05828857421875
0.0518798828125
0.045318603515625
0.028076171875
0.002593994140625
0.001373291015625
0.00152587890625
0.001373291015625
0.001373291015625
0.00152587890625
0.001373291015625
0.001373291015625
0.001373291015625
0.001373291015625
0.00152587890625
0.00152587890625
0.041961669921875
0.052490234375
0.058441162109375
0.06500244140625
0.07049560546875
0.075225830078125
0.078582763671875
0.08087158203125
0.08148193359375
0.08056640625
0.078582763671875
0.074920654296875
0.070037841796875
0.064544677734375
0.05828857421875
0.051727294921875
0.04486083984375
0.0274658203125
0.00244140625
0.00152587890625
0.00152587890625
0.001373291015625
0.001373291015625
0.001373291015625
0.00152587890625
0.001373291015625
0.001373291015625
0.001373291015625
0.004119873046875
0.0469970703125
0.0537109375
0.06011962890625
0.066375732421875
0.072174072265625
0.076751708984375
0.080413818359375
0.082855224609375
0.0836181640625
0.08270263671875
0.08026123046875
0.07659912109375
0.071868896484375
0.06591796875
0.059814453125
0.0531005859375
0.04669189453125
0.034027099609375
0.004730224609375
0.001373291015625
0.001678466796875
0.001373291015625
0.00152587890625
0.00152587890625
0.00152587890625
0.001373291015625
0.00152587890625
0.00152587890625
0.00152587890625
0.042724609375
0.05218505859375
0.05859375
0.06500244140625
0.07080078125
0.075531005859375
0.08026123046875
0.083465576171875
0.08453369140625
0.084075927734375
0.08270263671875
0.079498291015625
0.0750732421875
0.06988525390625
0.06378173828125
0.057220458984375
0.0506591796875
0.0439453125
0.02166748046875
0.0018310546875
0.00152587890625
0.001373291015625
0.001373291015625
0.001373291015625
0.00152587890625
0.001678466796875
0.001373291015625
0.00152587890625
0.001373291015625
0.0347900390625
0.0506591796875
0.0567626953125
0.06317138671875
0.069580078125
0.074920654296875
0.079498291015625
0.0830078125
0.08514404296875
0.08544921875
0.084075927734375
0.081329345703125
0.077362060546875
0.072479248046875
0.06683349609375
0.059967041015625
0.0537109375
0.046844482421875
0.03509521484375
0.005645751953125
0.001373291015625
0.00152587890625
0.001220703125
0.001373291015625
0.001373291015625
0.001373291015625
0.001373291015625
0.001373291015625
0.001373291015625
0.017547607421875
0.04852294921875
0.054931640625
0.06134033203125
0.067596435546875
0.07354736328125
0.078582763671875
0.082244873046875
0.084686279296875
0.085601806640625
0.08514404296875
0.082855224609375
0.07904052734375
0.074310302734375
0.06866455078125
0.062103271484375
0.055694580078125
0.048675537109375
0.0408935546875
0.012969970703125
0.001220703125
0.001678466796875
0.00152587890625
0.00152587890625
0.001373291015625
0.001220703125
0.001373291015625
0.00152587890625
0.00152587890625
0.034637451171875
0.0506591796875
0.0567626953125
0.063629150390625
0.069580078125
0.075531005859375
0.079803466796875
0.083465576171875
0.085601806640625
0.085906982421875
0.08453369140625
0.08209228515625
0.07781982421875
0.073089599609375
0.067138671875
0.06072998046875
0.053558349609375
0.047149658203125
0.035247802734375
0.0054931640625
0.00152587890625
0.00152587890625
0.00152587890625
0.001678466796875
0.00152587890625
0.00152587890625
0.001220703125
0.001373291015625
0.001373291015625
0.028533935546875
0.050201416015625
0.05584716796875
0.062713623046875
0.0689697265625
0.074615478515625
0.079498291015625
0.08331298828125
0.085601806640625
0.086212158203125
0.085296630859375
0.082855224609375
0.0787353515625
0.07354736328125
0.06805419921875
0.061492919921875
0.054931640625
0.048370361328125
0.03936767578125
0.010223388671875
0.001373291015625
0.00152587890625
0.00152587890625
0.001373291015625
0.001373291015625
0.001373291015625
0.001373291015625
0.001373291015625
0.00152587890625
0.021209716796875
0.04913330078125
0.05462646484375
0.061798095703125
0.068359375
0.074005126953125
0.07904052734375
0.082855224609375
0.085601806640625
0.086669921875
0.085906982421875
0.0836181640625
0.0799560546875
0.075225830078125
0.069427490234375
0.06317138671875
0.05645751953125
0.04974365234375
0.042877197265625
0.017852783203125
0.00152587890625
0.00152587890625
0.00152587890625
0.001373291015625
0.00152587890625
0.00152587890625
0.001373291015625
0.001220703125
0.001373291015625
0.014495849609375
0.048065185546875
0.0543212890625
0.06134033203125
0.0677490234375
0.073699951171875
0.07843017578125
0.08270263671875
0.08544921875
0.08636474609375
0.085906982421875
0.083770751953125
0.08026123046875
0.07568359375
0.0701904296875
0.063629150390625
0.056915283203125
0.049896240234375
0.04302978515625
0.018310546875
0.001678466796875
0.00152587890625
0.00152587890625
0.001373291015625
0.00152587890625
0.001373291015625
0.001220703125
0.001373291015625
0.001983642578125
0.0457763671875
0.052947998046875
0.05950927734375
0.06591796875
0.07232666015625
0.0775146484375
0.081634521484375
0.084991455078125
0.08636474609375
0.086212158203125
0.084686279296875
0.0811767578125
0.0762939453125
0.07110595703125
0.064849853515625
0.05828857421875
0.051422119140625
0.044708251953125
0.025634765625
0.00244140625
0.001373291015625
0.001373291015625
0.00152587890625
0.00152587890625
0.001373291015625
0.00152587890625
0.00152587890625
0.001220703125
0.002899169921875
0.04608154296875
0.052947998046875
0.059814453125
0.0665283203125
0.072479248046875
0.077972412109375
0.08209228515625
0.08544921875
0.086669921875
0.08636474609375
0.084228515625
0.081024169921875
0.076141357421875
0.070953369140625
0.064544677734375
0.05767822265625
0.051116943359375
0.044097900390625
0.02288818359375
0.001983642578125
0.001373291015625
0.001678466796875
0.00152587890625
0.001373291015625
0.001373291015625
0.001373291015625
0.00152587890625
0.001373291015625
0.009918212890625
0.048065185546875
0.054168701171875
0.06103515625
0.06744384765625
0.073394775390625
0.0787353515625
0.08270263671875
0.085601806640625
0.086822509765625
0.086212158203125
0.08392333984375
0.080413818359375
0.07568359375
0.070037841796875
0.06378173828125
0.056915283203125
0.049896240234375
0.04302978515625
0.017547607421875
0.001220703125
0.00152587890625
0.001678466796875
0.00152587890625
0.001220703125
0.001373291015625
0.001373291015625
0.00152587890625
0.001373291015625
0.021514892578125
0.049285888671875
0.055084228515625
0.06195068359375
0.06866455078125
0.074615478515625
0.079498291015625
0.083465576171875
0.0860595703125
0.08697509765625
0.085906982421875
0.0836181640625
0.079803466796875
0.074920654296875
0.06927490234375
0.062713623046875
0.055694580078125
0.048980712890625
0.04119873046875
0.01312255859375
0.00152587890625
0.001373291015625
0.001373291015625
0.001373291015625
0.00152587890625
0.00152587890625
0.00152587890625
0.001373291015625
0.014495849609375
0.0482177734375
0.054473876953125
0.061187744140625
0.068359375
0.073699951171875
0.078887939453125
0.0830078125
0.08575439453125
0.086822509765625
0.0860595703125
0.083770751953125
0.080108642578125
0.0750732421875
0.069427490234375
0.0628662109375
0.05615234375
0.0494384765625
0.04150390625
0.014190673828125
0.001373291015625
0.001220703125
0.001373291015625
0.00152587890625
0.001373291015625
0.00152587890625
0.00152587890625
0.001373291015625
0.00152587890625
0.0335693359375
0.05035400390625
0.05645751953125
0.0634765625
0.069580078125
0.07568359375
0.080108642578125
0.08392333984375
0.08636474609375
0.086822509765625
0.08575439453125
0.082244873046875
0.077362060546875
0.07080078125
0.064697265625
0.057830810546875
0.050811767578125
0.0439453125
0.021820068359375
0.00152587890625
0.00152587890625
0.00152587890625
0.001373291015625
0.00152587890625
0.001373291015625
0.001373291015625
0.001373291015625
0.00152587890625
0.020904541015625
0.049285888671875
0.05523681640625
0.06195068359375
0.068511962890625
0.074615478515625
0.079498291015625
0.083465576171875
0.0860595703125
0.08697509765625
0.0860595703125
0.083465576171875
0.079803466796875
0.074615478515625
0.068817138671875
0.062103271484375
0.0555419921875
0.048370361328125
0.040283203125
0.010986328125
0.001220703125
0.00152587890625
0.00152587890625
0.00152587890625
0.001373291015625
0.001373291015625
0.001068115234375
0.001373291015625
0.001220703125
0.0372314453125
0.05126953125
0.057373046875
0.064239501953125
0.07049560546875
0.076141357421875
0.08087158203125
0.084686279296875
0.086822509765625
0.08697509765625
0.08544921875
0.082550048828125
0.078125
0.073089599609375
0.066986083984375
0.060272216796875
0.053253173828125
0.04638671875
0.0335693359375
0.0018310546875
0.0018310546875
0.00152587890625
0.00152587890625
0.00152587890625
0.00152587890625
0.00152587890625
0.00152587890625
0.001373291015625
0.025634765625
0.049591064453125
0.05584716796875
0.06256103515625
0.069122314453125
0.074920654296875
0.08026123046875
0.08392333984375
0.08636474609375
0.087127685546875
0.08575439453125
0.0830078125
0.079193115234375
0.07415771484375
0.067901611328125
0.061187744140625
0.05462646484375
0.047607421875
0.037384033203125
0.006866455078125
0.001373291015625
0.001678466796875
0.00152587890625
0.00152587890625
0.001373291015625
0.001678466796875
0.001373291015625
0.001373291015625
0.00152587890625
0.043182373046875
0.05218505859375
0.05889892578125
0.065460205078125
0.072021484375
0.077362060546875
0.081939697265625
0.084991455078125
0.08697509765625
0.086822509765625
0.0848388671875
0.081787109375
0.076751708984375
0.07171630859375
0.0653076171875
0.0579833984375
0.05126953125
0.0445556640625
0.025177001953125
0.001983642578125
0.00152587890625
0.001678466796875
0.00152587890625
0.001678466796875
0.00152587890625
0.00152587890625
0.00152587890625
0.00152587890625
0.019683837890625
0.048980712890625
0.05523681640625
0.062103271484375
0.06866455078125
0.074615478515625
0.07965087890625
0.0836181640625
0.086212158203125
0.0872802734375
0.08575439453125
0.08331298828125
0.079345703125
0.07415771484375
0.06805419921875
0.061492919921875
0.05462646484375
0.04791259765625
0.038299560546875
0.008087158203125
0.001220703125
0.001373291015625
0.00152587890625
0.001220703125
0.00152587890625
0.001373291015625
0.001678466796875
0.00152587890625
0.001373291015625
0.0433349609375
0.052337646484375
0.059051513671875
0.06591796875
0.072021484375
0.077667236328125
0.082244873046875
0.08544921875
0.08697509765625
0.086822509765625
0.084381103515625
0.081024169921875
0.076141357421875
0.06988525390625
0.063323974609375
0.056304931640625
0.048828125
0.038909912109375
0.00244140625
0.001678466796875
0.001678466796875
0.001373291015625
0.00152587890625
0.00152587890625
0.001678466796875
0.001373291015625
0.001373291015625
0.042724609375
0.052337646484375
0.059356689453125
0.06622314453125
0.0726318359375
0.078125
0.08270263671875
0.085601806640625
0.086669921875
0.086212158203125
0.083770751953125
0.079803466796875
0.074310302734375
0.068206787109375
0.06134033203125
0.054473876953125
0.047149658203125
0.034332275390625
0.00457763671875
0.00152587890625
0.00152587890625
0.00152587890625
0.001373291015625
0.00152587890625
0.001373291015625
0.001220703125
0.001373291015625
0.010833740234375
0.048675537109375
0.055084228515625
0.06256103515625
0.06927490234375
0.0750732421875
0.080108642578125
0.084228515625
0.086517333984375
0.087127685546875
0.08575439453125
0.08270263671875
0.0787353515625
0.073394775390625
0.066986083984375
0.0604248046875
0.0531005859375
0.04638671875
0.033111572265625
0.0042724609375
0.00152587890625
0.00152587890625
0.00152587890625
0.00152587890625
0.001373291015625
0.001373291015625
0.001373291015625
0.001373291015625
0.00396728515625
0.04669189453125
0.05401611328125
0.06072998046875
0.067596435546875
0.073699951171875
0.079498291015625
0.08331298828125
0.0860595703125
0.086822509765625
0.085906982421875
0.0830078125
0.079193115234375
0.073699951171875
0.067291259765625
0.0604248046875
0.0531005859375
0.04608154296875
0.031280517578125
0.00152587890625
0.00152587890625
0.00152587890625
0.00152587890625
0.00152587890625
0.00152587890625
0.00152587890625
0.001373291015625
0.034027099609375
0.050811767578125
0.05767822265625
0.064697265625
0.070953369140625
0.077362060546875
0.081787109375
0.084991455078125
0.08697509765625
0.086669921875
0.08453369140625
0.08087158203125
0.07598876953125
0.06988525390625
0.06317138671875
0.05645751953125
0.048828125
0.039825439453125
0.001373291015625
0.001373291015625
0.001373291015625
0.001373291015625
0.001373291015625
0.00152587890625
0.001373291015625
0.001373291015625
0.035858154296875
0.051116943359375
0.057830810546875
0.0653076171875
0.071868896484375
0.077667236328125
0.0823974609375
0.08575439453125
0.086822509765625
0.08514404296875
0.08148193359375
0.076751708984375
0.0701904296875
0.0634765625
0.05584716796875
0.047454833984375
0.035247802734375
0.002593994140625
0.00152587890625
0.001678466796875
0.00152587890625
0.00152587890625
0.001373291015625
0.00152587890625
0.001220703125
0.028076171875
0.051116943359375
0.0592041015625
0.067138671875
0.074005126953125
0.0799560546875
0.084381103515625
0.086669921875
0.086517333984375
0.08453369140625
0.080108642578125
0.074005126953125
0.066680908203125
0.058746337890625
0.05035400390625
0.04150390625
0.00823974609375
0.00152587890625
0.00152587890625
0.001373291015625
0.001678466796875
0.00152587890625
0.001678466796875
0.001373291015625
0.00152587890625
0.04638671875
0.05462646484375
0.06256103515625
0.070343017578125
0.076141357421875
0.081329345703125
0.08544921875
0.08697509765625
0.0860595703125
0.082855224609375
0.0775146484375
0.0714111328125
0.065155029296875
0.058135986328125
0.05096435546875
0.043792724609375
0.019378662109375
0.00152587890625
0.001678466796875
0.001373291015625
0.00152587890625
0.001373291015625
0.001373291015625
0.001373291015625
0.001373291015625
0.001373291015625
0.041046142578125
0.052032470703125
0.058746337890625
0.06591796875
0.072479248046875
0.07781982421875
0.0823974609375
0.085601806640625
0.086822509765625
0.08636474609375
0.083770751953125
0.08026123046875
0.07537841796875
0.069427490234375
0.06256103515625
0.0555419921875
0.048675537109375
0.040130615234375
0.010223388671875
0.00152587890625
0.001373291015625
0.001373291015625
0.001373291015625
0.001373291015625
0.001373291015625
0.001373291015625
0.00946044921875
0.047760009765625
0.054168701171875
0.061492919921875
0.067901611328125
0.074310302734375
0.079498291015625
0.0836181640625
0.086212158203125
0.08697509765625
0.0860595703125
0.08331298828125
0.07904052734375
0.0738525390625
0.067596435546875
0.06072998046875
0.0537109375
0.04638671875
0.0335693359375
0.004119873046875
0.001220703125
0.001678466796875
0.001373291015625
0.001220703125
0.001373291015625
0.001373291015625
0.00152587890625
0.001373291015625
0.032806396484375
0.05096435546875
0.05767822265625
0.064697265625
0.072174072265625
0.07781982421875
0.082855224609375
0.08575439453125
0.086822509765625
0.085601806640625
0.082550048828125
