4.24102783203125
4.245452880859375
4.243011474609375
4.23431396484375
4.259185791015625
4.2474365234375
4.249420166015625
4.2425537109375
4.253997802734375
4.248199462890625
4.243927001953125
4.259185791015625
4.254150390625
4.241180419921875
4.25445556640625
4.259796142578125
4.24346923828125
4.246368408203125
4.268035888671875
4.244537353515625
4.24774169921875
4.267578125
4.24530029296875
4.244232177734375
4.254913330078125
4.266510009765625
4.24346923828125
4.244537353515625
4.268035888671875
4.24224853515625
4.258880615234375
4.24285888671875
4.251861572265625
4.255828857421875
4.24346923828125
4.262847900390625
4.243927001953125
4.246368408203125
4.269561767578125
4.241790771484375
4.248504638671875
4.269866943359375
4.241180419921875
4.247894287109375
4.268951416015625
4.240875244140625
4.24896240234375
4.267730712890625
4.2401123046875
4.25262451171875
4.263916015625
4.24041748046875
4.247589111328125
4.267578125
4.240875244140625
4.248809814453125
4.2608642578125
4.24102783203125
4.256591796875
4.2486572265625
4.2431640625
4.2645263671875
4.2425537109375
4.24896240234375
4.2620849609375
4.241943359375
4.25933837890625
4.243621826171875
4.246063232421875
4.2681884765625
4.239349365234375
4.25323486328125
4.249267578125
4.2401123046875
4.2437744140625
4.228363037109375
4.249725341796875
4.243621826171875
4.24041748046875
4.261627197265625
4.238433837890625
4.239959716796875
4.265594482421875
4.237213134765625
4.244537353515625
4.264984130859375
4.236297607421875
4.246673583984375
4.256134033203125
4.235076904296875
4.248809814453125
4.254150390625
4.235687255859375
4.25079345703125
4.249267578125
4.239959716796875
4.257049560546875
4.24407958984375
4.24072265625
4.2669677734375
4.238433837890625
4.253997802734375
4.253692626953125
4.2388916015625
4.2529296875
4.2547607421875
4.236907958984375
4.251251220703125
4.25445556640625
4.237823486328125
4.254150390625
4.25628662109375
4.238739013671875
4.260406494140625
4.239654541015625
4.246978759765625
4.260101318359375
4.238128662109375
4.252166748046875
4.244842529296875
4.243927001953125
4.267120361328125
4.238433837890625
4.249420166015625
4.260711669921875
4.239349365234375
4.2529296875
4.251556396484375
4.243011474609375
4.2669677734375
4.239959716796875
4.247283935546875
4.263153076171875
4.238739013671875
4.25506591796875
4.246673583984375
4.24224853515625
4.265289306640625
4.239654541015625
4.24835205078125
4.26025390625
4.239501953125
4.252777099609375
4.24652099609375
4.241485595703125
4.267578125
4.2388916015625
4.257659912109375
4.2413330078125
4.245452880859375
4.267730712890625
4.2388916015625
4.24957275390625
4.253692626953125
4.23614501953125
4.25201416015625
4.245452880859375
4.2388916015625
4.25567626953125
4.23614501953125
4.244537353515625
4.260711669921875
4.234466552734375
4.249114990234375
4.246673583984375
4.23828125
4.2535400390625
4.23828125
4.23858642578125
4.263916015625
4.2364501953125
4.245452880859375
4.250030517578125
4.23797607421875
4.2620849609375
4.2388916015625
4.246063232421875
4.26177978515625
4.238433837890625
4.25750732421875
4.241485595703125
4.243927001953125
4.267425537109375
4.23828125
4.24591064453125
4.264373779296875
4.239349365234375
4.255828857421875
4.244232177734375
4.241485595703125
4.26788330078125
4.237213134765625
4.2572021484375
4.239501953125
4.260711669921875
4.241790771484375
4.248199462890625
4.260101318359375
4.24713134765625
4.2535400390625
4.23797607421875
4.261474609375
4.24163818359375
4.244384765625
4.268798828125
4.23797607421875
4.2510986328125
4.25445556640625
4.2388916015625
4.25628662109375
4.240875244140625
4.24713134765625
4.2633056640625
4.23919677734375
4.2523193359375
4.25048828125
4.2401123046875
4.259185791015625
4.242401123046875
4.244537353515625
4.2669677734375
4.238739013671875
4.249420166015625
4.25262451171875
4.239349365234375
4.260711669921875
4.240570068359375
4.246368408203125
4.265899658203125
4.2388916015625
4.248504638671875
4.2523193359375
4.23828125
4.2529296875
4.246063232421875
4.237060546875
4.255828857421875
4.2364501953125
4.241943359375
4.263763427734375
4.23583984375
4.24652099609375
4.251556396484375
4.237060546875
4.253692626953125
4.239501953125
4.238739013671875
4.26483154296875
4.236297607421875
4.246063232421875
4.251861572265625
4.236907958984375
4.260711669921875
4.240264892578125
4.244842529296875
4.25872802734375
4.2376708984375
4.25384521484375
4.24713134765625
4.241485595703125
4.26513671875
4.239501953125
4.2449951171875
4.2626953125
4.238433837890625
4.252471923828125
4.244384765625
4.241943359375
4.264678955078125
4.24072265625
4.24468994140625
4.267578125
4.238739013671875
4.250030517578125
4.25262451171875
4.239654541015625
4.260101318359375
4.24163818359375
4.245147705078125
4.26300048828125
4.238128662109375
4.254302978515625
4.242706298828125
4.242401123046875
4.267425537109375
4.237518310546875
4.251708984375
4.24957275390625
4.2413330078125
4.266357421875
4.239044189453125
4.248199462890625
4.255828857421875
4.23919677734375
4.267578125
4.239654541015625
4.2474365234375
4.2578125
4.238128662109375
4.24896240234375
4.232635498046875
4.241180419921875
4.2413330078125
4.231109619140625
4.256744384765625
4.226531982421875
4.24591064453125
4.234771728515625
4.238128662109375
4.246826171875
4.236907958984375
4.227294921875
4.2535400390625
4.22393798828125
4.241943359375
4.23095703125
4.228363037109375
4.2523193359375
4.223175048828125
4.238739013671875
4.225921630859375
4.2352294921875
4.240570068359375
4.2242431640625
4.2510986328125
4.22210693359375
4.2352294921875
4.23583984375
4.225311279296875
4.2498779296875
4.2254638671875
4.256744384765625
4.227142333984375
4.247894287109375
4.24102783203125
4.241180419921875
4.266510009765625
4.23583984375
4.2535400390625
4.241485595703125
4.24346923828125
4.26055908203125
4.23583984375
4.2529296875
4.2449951171875
4.240264892578125
4.26544189453125
4.23858642578125
4.254608154296875
4.240570068359375
4.24652099609375
4.2608642578125
4.239349365234375
4.26025390625
4.24041748046875
4.246978759765625
4.260406494140625
4.239349365234375
4.26116943359375
4.240875244140625
4.247589111328125
4.258575439453125
4.2388916015625
4.257659912109375
4.239349365234375
4.250030517578125
4.24468994140625
4.243316650390625
4.261474609375
4.23828125
4.252471923828125
4.24468994140625
4.24346923828125
4.26544189453125
4.237823486328125
4.25811767578125
4.239654541015625
4.246978759765625
4.257049560546875
4.23828125
4.25689697265625
4.2401123046875
4.24560546875
4.262847900390625
4.237518310546875
4.256134033203125
4.242401123046875
4.244232177734375
4.26055908203125
4.235992431640625
4.255828857421875
4.237060546875
4.244384765625
4.258270263671875
4.23553466796875
4.25384521484375
4.23919677734375
4.24163818359375
4.258575439453125
4.235687255859375
4.257659912109375
4.2364501953125
4.2449951171875
4.246063232421875
4.239654541015625
4.2559814453125
4.235992431640625
4.263763427734375
4.2352294921875
4.24896240234375
4.246978759765625
4.2431640625
4.26666259765625
4.23797607421875
4.254150390625
4.241485595703125
4.2474365234375
4.25567626953125
4.239349365234375
4.2620849609375
4.239501953125
4.246673583984375
4.2529296875
4.240264892578125
4.267730712890625
4.2376708984375
4.253692626953125
4.2633056640625
4.23797607421875
4.263153076171875
4.238433837890625
4.25384521484375
4.241790771484375
4.247283935546875
4.251556396484375
4.241943359375
4.267120361328125
4.2388916015625
4.26055908203125
4.23919677734375
4.25384521484375
4.242706298828125
4.246826171875
4.256744384765625
4.24163818359375
4.267578125
4.238433837890625
4.25537109375
4.2413330078125
4.2474365234375
4.251251220703125
4.2425537109375
4.26727294921875
4.239349365234375
4.263153076171875
4.2388916015625
4.253997802734375
4.23919677734375
4.25048828125
4.25140380859375
4.24102783203125
4.267578125
4.239044189453125
4.25323486328125
4.24407958984375
4.24530029296875
4.256134033203125
4.23797607421875
4.26361083984375
4.235076904296875
4.253387451171875
4.23828125
4.241790771484375
4.256744384765625
4.2376708984375
4.264984130859375
4.234619140625
4.25933837890625
4.234466552734375
4.254913330078125
4.23583984375
4.246063232421875
4.242706298828125
4.241943359375
4.252777099609375
4.23797607421875
4.266204833984375
4.238128662109375
4.264373779296875
4.238739013671875
4.2559814453125
4.2388916015625
4.25323486328125
4.24224853515625
4.246826171875
4.25537109375
4.23919677734375
4.2681884765625
4.237518310546875
4.2547607421875
4.240570068359375
4.248046875
4.25689697265625
4.2413330078125
4.267425537109375
4.23828125
4.25262451171875
4.2431640625
4.24468994140625
4.2547607421875
4.24224853515625
4.259490966796875
4.24041748046875
4.26849365234375
4.237823486328125
4.257965087890625
4.239654541015625
4.251861572265625
4.242706298828125
4.247283935546875
4.250335693359375
4.2425537109375
4.2681884765625
4.23858642578125
4.261322021484375
4.23828125
4.2529296875
4.24346923828125
4.247283935546875
4.255218505859375
4.240570068359375
4.268341064453125
4.238739013671875
4.25872802734375
4.2388916015625
4.2498779296875
4.2431640625
4.2449951171875
4.259185791015625
4.239654541015625
4.267425537109375
4.2388916015625
4.233245849609375
4.252471923828125
4.236297607421875
4.25262451171875
4.237060546875
4.246673583984375
4.2437744140625
4.24102783203125
4.25537109375
4.2364501953125
4.263458251953125
4.235076904296875
4.26177978515625
4.23492431640625
4.249267578125
4.241790771484375
4.241485595703125
4.252166748046875
4.2376708984375
4.263458251953125
4.235382080078125
4.26361083984375
4.237823486328125
4.25567626953125
4.237060546875
4.250946044921875
4.24163818359375
4.24560546875
4.247894287109375
4.244384765625
4.25933837890625
4.23858642578125
4.2669677734375
4.238128662109375
4.263153076171875
4.237518310546875
4.258270263671875
4.2388916015625
4.25628662109375
4.238128662109375
4.251708984375
4.2431640625
4.243621826171875
4.257659912109375
4.24072265625
4.267120361328125
4.2376708984375
4.261474609375
4.2388916015625
4.255523681640625
4.24041748046875
4.25506591796875
4.239349365234375
4.261322021484375
4.263763427734375
4.2584228515625
4.241180419921875
4.265289306640625
4.238739013671875
4.26788330078125
4.239959716796875
4.268341064453125
4.238739013671875
4.266204833984375
4.23828125
4.257659912109375
4.2388916015625
4.251861572265625
4.2413330078125
4.2474365234375
4.2486572265625
4.2437744140625
4.254608154296875
4.2425537109375
4.2645263671875
4.239349365234375
4.266357421875
4.23828125
4.2559814453125
4.237518310546875
4.25140380859375
4.23736572265625
4.248199462890625
4.23828125
4.24957275390625
4.237518310546875
4.24560546875
4.245452880859375
4.243011474609375
4.24652099609375
4.240875244140625
4.25079345703125
4.240570068359375
4.257049560546875
4.237518310546875
4.2535400390625
4.23828125
4.26422119140625
4.2364501953125
4.26483154296875
4.23797607421875
4.25750732421875
4.230194091796875
4.250335693359375
4.23065185546875
4.24652099609375
4.231414794921875
4.2498779296875
4.241180419921875
4.24896240234375
4.244232177734375
4.2449951171875
4.250030517578125
4.243621826171875
4.251251220703125
4.243011474609375
4.245758056640625
4.247283935546875
4.24041748046875
4.2510986328125
4.24072265625
4.24835205078125
4.24224853515625
4.249114990234375
4.241943359375
4.250335693359375
4.2437744140625
4.2486572265625
4.2425537109375
4.246978759765625
4.24468994140625
4.24835205078125
4.2449951171875
4.247283935546875
4.246368408203125
4.244842529296875
4.2510986328125
4.24530029296875
4.254913330078125
4.241790771484375
4.2572021484375
4.240875244140625
4.257354736328125
4.241790771484375
4.2572021484375
4.240570068359375
4.262237548828125
4.2413330078125
4.25811767578125
4.242401123046875
4.257659912109375
4.2425537109375
4.25323486328125
4.2431640625
4.2596435546875
4.23858642578125
4.253082275390625
4.2425537109375
4.25018310546875
4.2401123046875
4.255523681640625
4.239959716796875
4.2510986328125
4.24041748046875
4.248199462890625
4.241790771484375
4.244384765625
4.24041748046875
4.252471923828125
4.239654541015625
4.24652099609375
4.242095947265625
4.244842529296875
4.245147705078125
4.24072265625
4.2462158203125
4.246063232421875
4.2462158203125
4.24468994140625
4.24774169921875
4.243621826171875
4.247589111328125
4.243621826171875
4.248504638671875
4.241790771484375
4.25018310546875
4.239349365234375
4.25262451171875
4.23736572265625
4.253692626953125
4.239044189453125
4.2608642578125
4.237518310546875
4.2620849609375
4.236907958984375
4.2578125
4.229736328125
4.258575439453125
4.233245849609375
4.24224853515625
4.251556396484375
4.23126220703125
4.22637939453125
4.246978759765625
4.240264892578125
4.227142333984375
4.248046875
4.23309326171875
4.243927001953125
4.241485595703125
4.228668212890625
4.250335693359375
4.228515625
4.240264892578125
4.239501953125
4.226226806640625
4.248199462890625
4.23675537109375
4.22576904296875
4.2327880859375
4.23583984375
4.225616455078125
4.2303466796875
4.25140380859375
4.22637939453125
4.255218505859375
4.23126220703125
4.241180419921875
4.2266845703125
4.244842529296875
4.22943115234375
4.223480224609375
4.2462158203125
4.224395751953125
4.248809814453125
4.2266845703125
4.245147705078125
4.2254638671875
4.235992431640625
4.229278564453125
4.23187255859375
4.23065185546875
4.22760009765625
4.232025146484375
4.22637939453125
4.234466552734375
4.220428466796875
4.240264892578125
4.223175048828125
4.24591064453125
4.224700927734375
4.246368408203125
4.225616455078125
4.24713134765625
4.2327880859375
4.23828125
4.2315673828125
4.235992431640625
4.23828125
4.231109619140625
4.255218505859375
4.228668212890625
4.239044189453125
4.23553466796875
4.229888916015625
4.252166748046875
4.227294921875
4.24713134765625
4.229278564453125
4.2364501953125
4.235382080078125
4.228973388671875
4.25048828125
4.226837158203125
4.25537109375
4.22943115234375
4.23431396484375
4.247283935546875
4.233551025390625
4.225006103515625
4.25384521484375
4.23797607421875
4.225006103515625
4.239654541015625
4.246368408203125
4.228973388671875
4.24896240234375
4.235992431640625
4.231414794921875
4.24774169921875
4.229736328125
4.250640869140625
4.23797607421875
4.230804443359375
4.25872802734375
4.231414794921875
4.24072265625
4.24652099609375
4.243621826171875
4.235382080078125
4.228363037109375
4.22760009765625
4.22607421875
4.228973388671875
4.222564697265625
4.23095703125
4.22760009765625
4.224395751953125
4.234161376953125
4.22515869140625
4.227142333984375
4.234466552734375
4.239654541015625
4.251251220703125
4.232940673828125
4.248199462890625
4.227752685546875
4.2462158203125
4.23614501953125
4.23370361328125
4.234771728515625
4.229278564453125
4.254150390625
4.23614501953125
4.225311279296875
4.2279052734375
4.22454833984375
4.231719970703125
4.225006103515625
4.2413330078125
4.225006103515625
4.23675537109375
4.235076904296875
4.22607421875
4.257354736328125
4.2303466796875
4.24774169921875
4.23675537109375
4.2352294921875
4.24835205078125
4.23095703125
4.247283935546875
4.237823486328125
4.23065185546875
4.25506591796875
4.22882080078125
4.250946044921875
4.23309326171875
4.23553466796875
4.2413330078125
4.228057861328125
4.2620849609375
4.237823486328125
4.254150390625
4.239959716796875
4.24591064453125
4.246978759765625
4.237213134765625
4.247894287109375
4.237213134765625
4.2572021484375
4.24224853515625
4.244537353515625
4.250335693359375
4.236297607421875
4.263916015625
4.23614501953125
4.264678955078125
4.235076904296875
4.25872802734375
4.238433837890625
4.24774169921875
4.241180419921875
4.241790771484375
4.246063232421875
4.234466552734375
4.25872802734375
4.232940673828125
4.26300048828125
4.234619140625
4.263458251953125
4.23583984375
4.251861572265625
4.245147705078125
4.23675537109375
4.248199462890625
4.235382080078125
4.254608154296875
4.23004150390625
4.23309326171875
4.23004150390625
4.2236328125
4.235076904296875
4.229583740234375
4.232025146484375
4.233551025390625
4.230194091796875
4.240875244140625
4.247283935546875
4.22027587890625
4.2498779296875
4.246826171875
4.239959716796875
4.233551025390625
4.224700927734375
4.23126220703125
4.237060546875
4.245147705078125
4.227447509765625
4.22332763671875
4.24041748046875
4.233856201171875
4.2303466796875
4.22637939453125
4.250335693359375
4.233551025390625
4.223480224609375
4.227142333984375
4.235076904296875
4.248809814453125
4.2352294921875
4.256439208984375
4.234466552734375
4.26300048828125
4.238739013671875
4.25201416015625
4.244384765625
4.240570068359375
4.25079345703125
4.2352294921875
4.263916015625
4.23797607421875
4.261016845703125
4.2413330078125
4.245452880859375
4.246673583984375
4.231414794921875
4.252777099609375
4.2437744140625
4.236907958984375
4.250946044921875
4.23309326171875
4.2523193359375
4.243011474609375
4.236297607421875
4.251861572265625
4.234771728515625
4.25079345703125
4.242401123046875
4.23675537109375
4.251861572265625
4.23309326171875
4.256439208984375
4.23919677734375
4.239349365234375
4.246978759765625
4.235076904296875
4.24530029296875
4.243621826171875
4.2291259765625
4.25750732421875
4.245758056640625
4.23858642578125
4.2572021484375
4.2364501953125
4.26666259765625
4.24072265625
4.24285888671875
4.251251220703125
4.238128662109375
4.26544189453125
4.239501953125
4.2578125
4.243621826171875
4.246368408203125
4.251861572265625
4.23828125
4.25567626953125
4.2388916015625
4.245147705078125
4.251861572265625
4.238128662109375
