0.5596923828125
0.73272705078125
0.5316162109375
0.1824951171875
0.05859375
0.3564453125
0.656585693359375
0.764007568359375
0.5517578125
0.214080810546875
0.083160400390625
0.37078857421875
0.66558837890625
0.77911376953125
0.591583251953125
0.26641845703125
0.08544921875
0.331268310546875
0.639801025390625
0.787506103515625
0.627899169921875
0.3167724609375
0.08819580078125
0.2862548828125
0.608673095703125
0.787811279296875
0.636444091796875
0.327606201171875
0.090179443359375
0.278472900390625
0.60455322265625
0.787200927734375
0.663299560546875
0.365447998046875
0.095062255859375
0.2484130859375
0.580596923828125
0.783843994140625
0.685577392578125
0.39459228515625
0.103759765625
0.21728515625
0.55145263671875
0.775909423828125
0.7073974609375
0.425872802734375
0.1177978515625
0.186004638671875
0.52154541015625
0.76416015625
0.727996826171875
0.453033447265625
0.133209228515625
0.162353515625
0.493011474609375
0.7501220703125
0.7415771484375
0.47882080078125
0.150604248046875
0.144195556640625
0.470733642578125
0.738525390625
0.753173828125
0.4998779296875
0.165252685546875
0.131072998046875
0.45074462890625
0.724945068359375
0.765380859375
0.52520751953125
0.19073486328125
0.115203857421875
0.421600341796875
0.704345703125
0.777130126953125
0.54840087890625
0.20904541015625
0.10833740234375
0.410919189453125
0.699615478515625
0.77789306640625
0.555419921875
0.216827392578125
0.10498046875
0.402374267578125
0.69305419921875
0.780792236328125
0.5645751953125
0.228118896484375
0.101318359375
0.39093017578125
0.6842041015625
0.78369140625
0.576629638671875
0.240478515625
0.097808837890625
0.380401611328125
0.67626953125
0.785675048828125
0.58441162109375
0.249176025390625
0.096282958984375
0.37261962890625
0.6707763671875
0.786895751953125
0.59356689453125
0.260772705078125
0.094451904296875
0.3607177734375
0.661773681640625
0.788421630859375
0.603179931640625
0.274505615234375
0.0921630859375
0.345306396484375
0.65216064453125
0.78948974609375
0.613250732421875
0.288848876953125
0.091094970703125
0.334930419921875
0.6451416015625
0.789947509765625
0.619964599609375
0.297698974609375
0.090484619140625
0.322113037109375
0.63629150390625
0.789794921875
0.629425048828125
0.31219482421875
0.09063720703125
0.30792236328125
0.62744140625
0.790557861328125
0.639801025390625
0.3277587890625
0.090789794921875
0.294342041015625
0.617828369140625
0.789947509765625
0.64788818359375
0.340118408203125
0.091552734375
0.281524658203125
0.608062744140625
0.789031982421875
0.65460205078125
0.3472900390625
0.091400146484375
0.29022216796875
0.617218017578125
0.789337158203125
0.63507080078125
0.3179931640625
0.089263916015625
0.310821533203125
0.637969970703125
0.788726806640625
0.619659423828125
0.296783447265625
0.089111328125
0.321502685546875
0.63690185546875
0.788726806640625
0.626373291015625
0.307769775390625
0.088958740234375
0.3216552734375
0.640106201171875
0.78857421875
0.6134033203125
0.28533935546875
0.08941650390625
0.330047607421875
0.640716552734375
0.78826904296875
0.59661865234375
0.251312255859375
0.0958251953125
0.391387939453125
0.699462890625
0.771331787109375
0.52734375
0.181732177734375
0.125732421875
0.448455810546875
0.73333740234375
0.74371337890625
0.4754638671875
0.1385498046875
0.166778564453125
0.5072021484375
0.759124755859375
0.726318359375
0.42449951171875
0.10772705078125
0.221099853515625
0.56884765625
0.78338623046875
0.677337646484375
0.381011962890625
0.097503662109375
0.24261474609375
0.578765869140625
0.784454345703125
0.67901611328125
0.378265380859375
0.091552734375
0.296478271484375
0.635833740234375
0.787811279296875
0.60821533203125
0.2764892578125
0.091094970703125
0.418701171875
0.710296630859375
0.77178955078125
0.53497314453125
0.195770263671875
0.1141357421875
0.424346923828125
0.7098388671875
0.772857666015625
0.485382080078125
0.1495361328125
0.148468017578125
0.479736328125
0.744781494140625
0.747833251953125
0.485076904296875
0.151519775390625
0.27618408203125
0.61187744140625
0.789642333984375
0.649566650390625
0.34210205078125
0.091400146484375
0.28106689453125
0.608062744140625
0.78887939453125
0.603179931640625
0.266265869140625
0.09368896484375
0.360565185546875
0.66314697265625
0.7879638671875
0.599517822265625
0.2691650390625
0.093231201171875
0.35614013671875
0.6591796875
0.788421630859375
0.60333251953125
0.272216796875
0.092926025390625
0.35491943359375
0.658721923828125
0.788726806640625
0.6036376953125
0.274200439453125
0.092315673828125
0.34912109375
0.655364990234375
0.789337158203125
0.605926513671875
0.277099609375
0.0921630859375
0.34759521484375
0.6536865234375
0.78887939453125
0.60943603515625
0.2825927734375
0.091552734375
0.3411865234375
0.649871826171875
0.78948974609375
0.614013671875
0.28900146484375
0.09124755859375
0.3338623046875
0.64544677734375
0.789794921875
0.618133544921875
0.293731689453125
0.090789794921875
0.329742431640625
0.64239501953125
0.79010009765625
0.620880126953125
0.298004150390625
0.0909423828125
0.324859619140625
0.6396484375
0.7904052734375
0.626373291015625
0.30548095703125
0.0909423828125
0.31494140625
0.63232421875
0.790252685546875
0.632171630859375
0.31494140625
0.09033203125
0.306396484375
0.62713623046875
0.790252685546875
0.63690185546875
0.322265625
0.09063720703125
0.300140380859375
0.62225341796875
0.79010009765625
0.641021728515625
0.328369140625
0.09063720703125
0.29449462890625
0.61859130859375
0.789642333984375
0.64483642578125
0.333251953125
0.090789794921875
0.29083251953125
0.615692138671875
0.789642333984375
0.648345947265625
0.338897705078125
0.091400146484375
0.282745361328125
0.609588623046875
0.78948974609375
0.652618408203125
0.295867919921875
0.091094970703125
0.32806396484375
0.640716552734375
0.789642333984375
0.6182861328125
0.294036865234375
0.0909423828125
0.327911376953125
0.641326904296875
0.789947509765625
0.623321533203125
0.30059814453125
0.09063720703125
0.3216552734375
0.637054443359375
0.79010009765625
0.626373291015625
0.304412841796875
0.09033203125
0.318450927734375
0.6353759765625
0.7904052734375
0.63018798828125
0.309906005859375
0.09033203125
0.3131103515625
0.6317138671875
0.790557861328125
0.630950927734375
0.309906005859375
0.090484619140625
0.312957763671875
0.630950927734375
0.79010009765625
0.633697509765625
0.316314697265625
0.09033203125
0.306396484375
0.6268310546875
0.79010009765625
0.637054443359375
0.3216552734375
0.090789794921875
0.301513671875
0.623626708984375
0.7904052734375
0.64117431640625
0.32806396484375
0.090484619140625
0.29693603515625
0.620880126953125
0.789947509765625
0.64117431640625
0.326690673828125
0.09063720703125
0.2984619140625
0.621337890625
0.79010009765625
0.642242431640625
0.32806396484375
0.091094970703125
0.29632568359375
0.61981201171875
0.789794921875
0.644378662109375
0.33294677734375
0.09124755859375
0.291748046875
0.617218017578125
0.789794921875
0.646209716796875
0.33538818359375
0.09124755859375
0.287933349609375
0.61431884765625
0.78948974609375
0.648040771484375
0.338134765625
0.091400146484375
0.285491943359375
0.612945556640625
0.789642333984375
0.6500244140625
0.34149169921875
0.09185791015625
0.281829833984375
0.61065673828125
0.78948974609375
0.651397705078125
0.344390869140625
0.092010498046875
0.279998779296875
0.608978271484375
0.7891845703125
0.653839111328125
0.347137451171875
0.091705322265625
0.27740478515625
0.6072998046875
0.7891845703125
0.654296875
0.346832275390625
0.092010498046875
0.278778076171875
0.607757568359375
0.7891845703125
0.654296875
0.3485107421875
0.092620849609375
0.276336669921875
0.605621337890625
0.78887939453125
0.655975341796875
0.348968505859375
0.09246826171875
0.27587890625
0.60516357421875
0.78857421875
0.65704345703125
0.352020263671875
0.09307861328125
0.2728271484375
0.602874755859375
0.78857421875
0.656585693359375
0.350341796875
0.09246826171875
0.274200439453125
0.604095458984375
0.788726806640625
0.6573486328125
0.352020263671875
0.0927734375
0.272216796875
0.60333251953125
0.78887939453125
0.658721923828125
0.3546142578125
0.093231201171875
0.2716064453125
0.602569580078125
0.78857421875
0.659942626953125
0.35400390625
0.0927734375
0.270538330078125
0.601959228515625
0.788726806640625
0.658721923828125
0.35247802734375
0.09307861328125
0.27191162109375
0.60272216796875
0.78857421875
0.659942626953125
0.35491943359375
0.093231201171875
0.271148681640625
0.60302734375
0.788726806640625
0.65887451171875
0.35430908203125
0.093231201171875
0.27099609375
0.601043701171875
0.788421630859375
0.660552978515625
0.356903076171875
0.093231201171875
0.2691650390625
0.60089111328125
0.788421630859375
0.6597900390625
0.35491943359375
0.092926025390625
0.271759033203125
0.603485107421875
0.788726806640625
0.65704345703125
0.351104736328125
0.09246826171875
0.273895263671875
0.605010986328125
0.78887939453125
0.656890869140625
0.351409912109375
0.0927734375
0.276336669921875
0.606842041015625
0.789031982421875
0.654754638671875
0.34759521484375
0.092315673828125
0.278778076171875
0.60791015625
0.789031982421875
0.652008056640625
0.343017578125
0.092010498046875
0.284271240234375
0.61248779296875
0.789642333984375
0.64971923828125
0.34027099609375
0.09185791015625
0.286407470703125
0.613861083984375
0.78948974609375
0.647735595703125
0.336151123046875
0.09124755859375
0.29022216796875
0.617218017578125
0.789947509765625
0.64544677734375
0.332794189453125
0.091094970703125
0.29327392578125
0.619659423828125
0.79010009765625
0.64208984375
0.327606201171875
0.09063720703125
0.297698974609375
0.622100830078125
0.789794921875
0.638580322265625
0.321807861328125
0.090484619140625
0.304107666015625
0.626678466796875
0.790252685546875
0.636138916015625
0.31890869140625
0.090789794921875
0.306243896484375
0.6280517578125
0.790557861328125
0.633392333984375
0.31463623046875
0.09033203125
0.311279296875
0.6304931640625
0.79010009765625
0.630340576171875
0.310211181640625
0.09063720703125
0.31494140625
0.632781982421875
0.790252685546875
0.6304931640625
0.31005859375
0.09063720703125
0.31494140625
0.633087158203125
0.79010009765625
0.628814697265625
0.3076171875
0.09063720703125
0.329132080078125
0.646820068359375
0.789642333984375
0.61187744140625
0.282440185546875
0.09185791015625
0.343780517578125
0.652313232421875
0.789337158203125
0.60791015625
0.278167724609375
0.0921630859375
0.3485107421875
0.655364990234375
0.788726806640625
0.60699462890625
0.277099609375
0.0921630859375
0.346527099609375
0.654449462890625
0.7891845703125
0.608367919921875
0.27801513671875
0.092315673828125
0.348968505859375
0.65582275390625
0.789031982421875
0.60577392578125
0.274505615234375
0.09246826171875
0.350189208984375
0.656585693359375
0.78887939453125
0.603179931640625
0.271453857421875
0.09307861328125
0.35491943359375
0.65948486328125
0.78857421875
0.60211181640625
0.27069091796875
0.0933837890625
0.359039306640625
0.66253662109375
0.7879638671875
0.598297119140625
0.265655517578125
0.093841552734375
0.3607177734375
0.664215087890625
0.787811279296875
0.59661865234375
0.26397705078125
0.093994140625
0.361480712890625
0.664215087890625
0.787811279296875
0.594329833984375
0.260009765625
0.09429931640625
0.364837646484375
0.66680908203125
0.787200927734375
0.59356689453125
0.2587890625
0.0946044921875
0.367431640625
0.668487548828125
0.786895751953125
0.59112548828125
0.25604248046875
0.094757080078125
0.37017822265625
0.670013427734375
0.786590576171875
0.58837890625
0.25390625
0.095367431640625
0.37078857421875
0.671539306640625
0.786285400390625
0.58563232421875
0.2490234375
0.09674072265625
0.375823974609375
0.674896240234375
0.7855224609375
0.583953857421875
0.24749755859375
0.0970458984375
0.37689208984375
0.67626953125
0.78521728515625
0.583038330078125
0.24627685546875
0.09735107421875
0.3790283203125
0.6781005859375
0.785064697265625
0.579986572265625
0.242156982421875
0.098419189453125
0.383453369140625
0.67962646484375
0.784454345703125
0.576019287109375
0.2374267578125
0.0994873046875
0.38665771484375
0.682220458984375
0.7830810546875
0.573577880859375
0.23529052734375
0.10009765625
0.389556884765625
0.68450927734375
0.782623291015625
0.57098388671875
0.23193359375
0.101165771484375
0.39276123046875
0.687255859375
0.78216552734375
0.56854248046875
0.229949951171875
0.101318359375
0.3936767578125
0.687713623046875
0.782012939453125
0.565643310546875
0.225982666015625
0.10284423828125
0.398712158203125
0.69183349609375
0.780792236328125
0.562286376953125
0.22186279296875
0.10467529296875
0.40191650390625
0.6939697265625
0.779571533203125
0.55908203125
0.2191162109375
0.105133056640625
0.40496826171875
0.696868896484375
0.778656005859375
0.556182861328125
0.215606689453125
0.106353759765625
0.407867431640625
0.6988525390625
0.77789306640625
0.5523681640625
0.211334228515625
0.107879638671875
0.412139892578125
0.701904296875
0.77606201171875
0.54901123046875
0.20721435546875
0.11016845703125
0.4168701171875
0.706024169921875
0.7745361328125
0.543365478515625
0.201263427734375
0.112762451171875
0.42266845703125
0.709991455078125
0.77301025390625
0.53863525390625
0.19775390625
0.114593505859375
0.426483154296875
0.7122802734375
0.77117919921875
0.53192138671875
0.190582275390625
0.118560791015625
0.43365478515625
0.717926025390625
0.767669677734375
0.525665283203125
0.18585205078125
0.121307373046875
0.439300537109375
0.72113037109375
0.7659912109375
0.521392822265625
0.18157958984375
0.123138427734375
0.443115234375
0.723724365234375
0.76416015625
0.518646240234375
0.17852783203125
0.1251220703125
0.447235107421875
0.726470947265625
0.762939453125
0.5120849609375
0.172882080078125
0.129547119140625
0.453643798828125
0.730743408203125
0.75958251953125
0.506439208984375
0.16845703125
0.13214111328125
0.45806884765625
0.733184814453125
0.756988525390625
0.5010986328125
0.16387939453125
0.136260986328125
0.46417236328125
0.73699951171875
0.75439453125
0.496978759765625
0.160675048828125
0.138702392578125
0.467376708984375
0.73944091796875
0.751800537109375
0.490875244140625
0.1544189453125
0.144500732421875
0.47698974609375
0.745849609375
0.746002197265625
0.48065185546875
0.1483154296875
0.149993896484375
0.4840087890625
0.748138427734375
0.742645263671875
0.475311279296875
0.14373779296875
0.154266357421875
0.4901123046875
0.75164794921875
0.739288330078125
0.468292236328125
0.139923095703125
0.1593017578125
0.495758056640625
0.75469970703125
0.736236572265625
0.46112060546875
0.134735107421875
0.1654052734375
0.503387451171875
0.758819580078125
0.73089599609375
0.453948974609375
0.12969970703125
0.171966552734375
0.5108642578125
0.761871337890625
0.7269287109375
0.394287109375
0.099029541015625
0.24261474609375
0.581207275390625
0.78521728515625
0.67474365234375
0.37506103515625
0.09613037109375
0.252685546875
0.588531494140625
0.7867431640625
0.665435791015625
0.36163330078125
0.093536376953125
0.267791748046875
0.601348876953125
0.78857421875
0.65826416015625
0.350799560546875
0.092620849609375
0.27862548828125
0.609130859375
0.78887939453125
0.651397705078125
0.339508056640625
0.09124755859375
0.288543701171875
0.616912841796875
0.79010009765625
0.643157958984375
0.32806396484375
0.09063720703125
0.29998779296875
0.62469482421875
0.790252685546875
0.634613037109375
0.315704345703125
0.09033203125
0.314788818359375
0.634765625
0.79010009765625
0.62591552734375
0.28350830078125
0.09185791015625
0.347900390625
0.656585693359375
0.788421630859375
0.60150146484375
0.2685546875
0.093841552734375
0.361480712890625
0.664825439453125
0.787506103515625
0.593109130859375
0.25848388671875
0.095062255859375
0.370635986328125
0.671844482421875
0.785980224609375
0.58380126953125
0.245208740234375
0.09796142578125
0.38360595703125
0.681304931640625
0.783538818359375
0.57403564453125
0.234527587890625
0.10101318359375
0.394287109375
0.689544677734375
0.78094482421875
0.56365966796875
0.222015380859375
0.104217529296875
0.40496826171875
0.697479248046875
0.777587890625
0.55206298828125
0.210418701171875
0.1092529296875
0.415496826171875
0.705413818359375
0.774383544921875
0.5401611328125
0.19775390625
0.1141357421875
0.426788330078125
0.713958740234375
0.7696533203125
0.529022216796875
0.187225341796875
0.121002197265625
0.440826416015625
0.723724365234375
0.764007568359375
0.516357421875
0.175933837890625
0.1275634765625
0.449981689453125
0.729827880859375
0.75927734375
0.506439208984375
0.167694091796875
0.133819580078125
0.460968017578125
0.73577880859375
0.754241943359375
0.4937744140625
0.156707763671875
0.1434326171875
0.47454833984375
0.74371337890625
0.74737548828125
0.48095703125
0.14801025390625
0.151519775390625
0.485992431640625
0.750274658203125
0.739898681640625
0.46875
0.139312744140625
0.160980224609375
0.49835205078125
0.7562255859375
0.7330322265625
0.457305908203125
0.131378173828125
0.172271728515625
0.5126953125
0.762939453125
0.724639892578125
0.438995361328125
0.119781494140625
0.18951416015625
0.5322265625
0.771331787109375
0.71136474609375
0.42327880859375
0.1129150390625
0.2032470703125
0.544586181640625
0.775604248046875
0.7025146484375
0.411529541015625
0.107879638671875
0.2154541015625
0.556793212890625
0.780029296875
0.692901611328125
0.398406982421875
0.102386474609375
0.22979736328125
0.569915771484375
0.783233642578125
0.6707763671875
0.3680419921875
0.0946044921875
0.264434814453125
0.59844970703125
0.78826904296875
0.6585693359375
0.351409912109375
0.09246826171875
0.2825927734375
0.61248779296875
0.789642333984375
0.64544677734375
0.329132080078125
0.09063720703125
0.305633544921875
0.629119873046875
