0.083465576171875
0.001220703125
0.084075927734375
0.010223388671875
0.03265380859375
0.07904052734375
0.005645751953125
0.059967041015625
0.047607421875
0.000152587890625
0.08209228515625
0.032196044921875
0.000152587890625
0.082855224609375
0.032501220703125
0.000152587890625
0.082550048828125
0.0341796875
0.0
0.0811767578125
0.039215087890625
0.0
0.077362060546875
0.017242431640625
0.080718994140625
0.008087158203125
0.033721923828125
0.0799560546875
0.007476806640625
0.030517578125
0.078582763671875
0.005340576171875
0.04364013671875
0.073699951171875
0.002899169921875
0.05401611328125
0.0701904296875
0.0018310546875
0.061187744140625
0.0653076171875
0.00091552734375
0.06591796875
0.06195068359375
0.000762939453125
0.067901611328125
0.05859375
0.000457763671875
0.06927490234375
0.056915283203125
0.000457763671875
0.0714111328125
0.05462646484375
0.000457763671875
0.07354736328125
0.052032470703125
0.000152587890625
0.07568359375
0.047149658203125
0.000152587890625
0.077362060546875
0.04302978515625
-0.000152587890625
0.081024169921875
0.03143310546875
0.000152587890625
0.08331298828125
0.025787353515625
0.00152587890625
0.08392333984375
0.02166748046875
0.00457763671875
0.08392333984375
0.019989013671875
0.00640869140625
0.083770751953125
0.01800537109375
0.0091552734375
0.0836181640625
0.01556396484375
0.01312255859375
0.083465576171875
0.01373291015625
0.017852783203125
0.082550048828125
0.011444091796875
0.023345947265625
0.081634521484375
0.009307861328125
0.02716064453125
0.080413818359375
0.00732421875
0.03173828125
0.079345703125
0.00732421875
0.029754638671875
0.0799560546875
0.007171630859375
0.032806396484375
0.07843017578125
0.006103515625
0.035247802734375
0.077972412109375
0.005340576171875
0.039215087890625
0.076751708984375
0.005340576171875
0.040740966796875
0.0762939453125
0.00457763671875
0.042724609375
0.07537841796875
0.0042724609375
0.044708251953125
0.074462890625
0.003814697265625
0.04638671875
0.07354736328125
0.0030517578125
0.051116943359375
0.07232666015625
0.0030517578125
0.05615234375
0.06866455078125
0.001983642578125
0.05859375
0.068511962890625
0.0018310546875
0.0604248046875
0.06561279296875
0.001220703125
0.06439208984375
0.062103271484375
0.00091552734375
0.06866455078125
0.057220458984375
0.00030517578125
0.072021484375
0.05340576171875
0.00030517578125
0.072784423828125
0.0506591796875
0.032501220703125
0.07659912109375
0.004119873046875
0.047454833984375
0.07293701171875
0.002899169921875
0.052642822265625
0.068359375
0.001220703125
0.0640869140625
0.06256103515625
0.001068115234375
0.067901611328125
0.0567626953125
0.000457763671875
0.07293701171875
0.04974365234375
0.000152587890625
0.077362060546875
0.041656494140625
0.0
0.076446533203125
0.044403076171875
0.000152587890625
0.079345703125
0.037078857421875
-0.000152587890625
0.0823974609375
0.027618408203125
0.001068115234375
0.083770751953125
0.020599365234375
0.0067138671875
0.084075927734375
0.01708984375
0.010986328125
0.0836181640625
0.013885498046875
0.018463134765625
0.08209228515625
0.009918212890625
0.02838134765625
0.079803466796875
0.0067138671875
0.03509521484375
0.0775146484375
0.00518798828125
0.04119873046875
0.075225830078125
0.003662109375
0.04791259765625
0.0726318359375
0.002899169921875
0.05401611328125
0.069122314453125
0.001983642578125
0.059661865234375
0.065155029296875
0.001068115234375
0.068817138671875
0.055084228515625
0.00030517578125
0.07476806640625
0.04547119140625
0.000152587890625
0.07904052734375
0.037841796875
-0.000152587890625
0.081787109375
0.03082275390625
0.000152587890625
0.0830078125
0.026397705078125
0.00152587890625
0.0836181640625
0.022430419921875
0.004119873046875
0.08392333984375
0.01739501953125
0.01190185546875
0.083465576171875
0.013885498046875
0.01739501953125
0.0823974609375
0.010223388671875
0.026092529296875
0.08026123046875
0.007171630859375
0.034332275390625
0.078125
0.005645751953125
0.038909912109375
0.0762939453125
0.0042724609375
0.0439453125
0.074462890625
0.003814697265625
0.0482177734375
0.073089599609375
0.002899169921875
0.053863525390625
0.06927490234375
0.001678466796875
0.0616455078125
0.06378173828125
0.000457763671875
0.068817138671875
0.054168701171875
0.000152587890625
0.074462890625
0.047454833984375
0.0
0.073394775390625
0.047760009765625
0.0
0.074005126953125
0.047607421875
0.006866455078125
0.0836181640625
0.01434326171875
0.016937255859375
0.0823974609375
0.009613037109375
0.028228759765625
0.079803466796875
0.00640869140625
0.03692626953125
0.076751708984375
0.004119873046875
0.047149658203125
0.072784423828125
0.00274658203125
0.0543212890625
0.069122314453125
0.001678466796875
0.0628662109375
0.062255859375
0.000762939453125
0.0689697265625
0.056304931640625
0.000457763671875
0.074005126953125
0.046234130859375
0.000152587890625
0.07965087890625
0.03570556640625
0.0
0.08056640625
0.03631591796875
-0.000152587890625
0.082855224609375
0.02593994140625
0.002593994140625
0.083770751953125
0.018157958984375
0.01220703125
0.08331298828125
0.012664794921875
0.0238037109375
0.0799560546875
0.00701904296875
0.035247802734375
0.0775146484375
0.004730224609375
0.04669189453125
0.07171630859375
0.001983642578125
0.05828857421875
0.066070556640625
0.00091552734375
0.06683349609375
0.05828857421875
0.00030517578125
0.073394775390625
0.046844482421875
0.0
0.07568359375
0.046844482421875
0.000457763671875
0.078887939453125
0.0341796875
0.0
0.081787109375
0.029296875
0.00030517578125
0.083465576171875
0.02197265625
0.00518798828125
0.0836181640625
0.015869140625
0.013580322265625
0.082855224609375
0.010528564453125
0.027313232421875
0.079345703125
0.006103515625
0.037841796875
0.076446533203125
0.004119873046875
0.0469970703125
0.072479248046875
0.00274658203125
0.05523681640625
0.068511962890625
0.00152587890625
0.063018798828125
0.0616455078125
0.000457763671875
0.071868896484375
0.050506591796875
0.000152587890625
0.076904296875
0.043792724609375
0.000152587890625
0.079803466796875
0.033111572265625
0.0
0.0811767578125
0.03173828125
-0.000152587890625
0.08331298828125
0.023040771484375
0.004119873046875
0.083770751953125
0.01617431640625
0.0140380859375
0.082855224609375
0.010986328125
0.02349853515625
0.08056640625
0.0079345703125
0.03204345703125
0.07843017578125
0.033111572265625
0.075531005859375
0.00335693359375
0.052490234375
0.070037841796875
0.0018310546875
0.06103515625
0.063018798828125
0.0006103515625
0.06927490234375
0.054168701171875
0.000457763671875
0.07598876953125
0.042266845703125
-0.000152587890625
0.081329345703125
0.02960205078125
0.0006103515625
0.083770751953125
0.020904541015625
0.00701904296875
0.083465576171875
0.01434326171875
0.0177001953125
0.08209228515625
0.00946044921875
0.030059814453125
0.0787353515625
0.005340576171875
0.041961669921875
0.074462890625
0.003204345703125
0.051116943359375
0.07049560546875
0.001983642578125
0.06011962890625
0.06439208984375
0.000762939453125
0.0689697265625
0.054779052734375
0.0
0.070037841796875
0.0531005859375
0.000152587890625
0.075531005859375
0.043182373046875
-0.000152587890625
0.081787109375
0.029449462890625
0.00030517578125
0.083770751953125
0.019683837890625
0.008697509765625
0.08392333984375
0.01373291015625
0.018768310546875
0.08148193359375
0.008697509765625
0.031890869140625
0.0775146484375
0.004730224609375
0.045623779296875
0.072784423828125
0.00244140625
0.05462646484375
0.06866455078125
0.00152587890625
0.064544677734375
0.059661865234375
0.000457763671875
0.07293701171875
0.048370361328125
0.0
0.074615478515625
0.045623779296875
0.0
0.076751708984375
0.0421142578125
-0.000152587890625
0.081634521484375
0.028839111328125
0.001220703125
0.083770751953125
0.019073486328125
0.01007080078125
0.083465576171875
0.011749267578125
0.02532958984375
0.07965087890625
0.006103515625
0.038604736328125
0.07568359375
0.003509521484375
0.049896240234375
0.070343017578125
0.0018310546875
0.06195068359375
0.062408447265625
0.0006103515625
0.0701904296875
0.0531005859375
0.00030517578125
0.07598876953125
0.043487548828125
0.000152587890625
0.0811767578125
0.030670166015625
0.001068115234375
0.0836181640625
0.0189208984375
0.01007080078125
0.08331298828125
0.012359619140625
0.023345947265625
0.080108642578125
0.0
0.0823974609375
0.02685546875
0.001220703125
0.084228515625
0.018157958984375
0.01251220703125
0.0830078125
0.010986328125
0.0250244140625
0.080108642578125
0.00640869140625
0.039215087890625
0.07476806640625
0.00335693359375
0.052947998046875
0.06866455078125
0.001678466796875
0.064849853515625
0.05859375
0.000457763671875
0.075531005859375
0.04302978515625
0.0
0.0787353515625
0.038299560546875
-0.000152587890625
0.0830078125
0.02532958984375
0.0030517578125
0.08392333984375
0.0177001953125
0.01251220703125
0.083160400390625
0.0103759765625
0.029144287109375
0.078582763671875
0.00518798828125
0.044708251953125
0.072174072265625
0.001983642578125
0.06072998046875
0.0628662109375
0.000762939453125
0.07110595703125
0.05035400390625
0.0
0.074920654296875
0.0439453125
0.0
0.076141357421875
0.042572021484375
0.0
0.078582763671875
0.037689208984375
-0.000152587890625
0.083160400390625
0.023651123046875
0.005645751953125
0.083770751953125
0.014495849609375
0.01861572265625
0.08148193359375
0.008392333984375
0.0335693359375
0.0775146484375
0.00457763671875
0.046234130859375
0.07232666015625
0.00244140625
0.057830810546875
0.06561279296875
0.00091552734375
0.068817138671875
0.052490234375
0.0
0.0726318359375
0.050201416015625
0.00030517578125
0.079345703125
0.035552978515625
0.0
0.08087158203125
0.03143310546875
0.00030517578125
0.08331298828125
0.01953125
0.00823974609375
0.08331298828125
0.01220703125
0.022125244140625
0.08026123046875
0.00640869140625
0.038909912109375
0.074615478515625
0.002899169921875
0.05645751953125
0.066070556640625
0.00091552734375
0.069427490234375
0.05035400390625
0.0
0.074920654296875
0.045318603515625
-0.000152587890625
0.081329345703125
0.02716064453125
0.001983642578125
0.084075927734375
0.0152587890625
0.01861572265625
0.081634521484375
0.00762939453125
0.03509521484375
0.0762939453125
0.0
0.081329345703125
0.021514892578125
0.020751953125
0.08148193359375
0.00732421875
0.035858154296875
0.076141357421875
0.003814697265625
0.051116943359375
0.069122314453125
0.00152587890625
0.065460205078125
0.056915283203125
0.00030517578125
0.07659912109375
0.041351318359375
-0.000152587890625
0.082550048828125
0.02471923828125
0.0048828125
0.083770751953125
0.015716552734375
0.01800537109375
0.08148193359375
0.007781982421875
0.03631591796875
0.075531005859375
0.0030517578125
0.05523681640625
0.0665283203125
0.00091552734375
0.069427490234375
0.052490234375
0.00030517578125
0.07720947265625
0.037841796875
0.0
0.0799560546875
0.03387451171875
0.0
0.081634521484375
0.029296875
0.000762939453125
0.083770751953125
0.017547607421875
0.0140380859375
0.08209228515625
0.009613037109375
0.030670166015625
0.078125
0.004730224609375
0.047454833984375
0.07110595703125
0.001678466796875
0.06378173828125
0.059051513671875
0.0006103515625
0.074920654296875
0.042877197265625
0.0
0.078887939453125
0.034637451171875
0.0
0.081787109375
0.0286865234375
0.00152587890625
0.08392333984375
0.017242431640625
0.0146484375
0.0823974609375
0.009765625
0.0286865234375
0.07904052734375
0.005035400390625
0.0457763671875
0.071868896484375
0.00213623046875
0.060882568359375
0.061492919921875
0.0006103515625
0.0732421875
0.046234130859375
0.000152587890625
0.0811767578125
0.0286865234375
0.0018310546875
0.084075927734375
0.01617431640625
0.015869140625
0.0823974609375
0.009307861328125
0.03265380859375
0.077362060546875
0.0042724609375
0.048065185546875
0.070953369140625
0.001678466796875
0.064697265625
0.058441162109375
0.000152587890625
0.075225830078125
0.042266845703125
0.000152587890625
0.082244873046875
0.02685546875
0.002288818359375
0.0836181640625
0.01617431640625
0.015716552734375
0.081939697265625
0.00823974609375
0.034332275390625
0.076751708984375
0.000457763671875
0.078582763671875
0.034637451171875
0.00030517578125
0.083465576171875
0.0201416015625
0.010528564453125
0.08270263671875
0.01007080078125
0.029296875
0.078582763671875
0.00457763671875
0.048370361328125
0.069580078125
0.001678466796875
0.0653076171875
0.05859375
0.000457763671875
0.07476806640625
0.042724609375
-0.000152587890625
0.0823974609375
0.024261474609375
0.00732421875
0.08331298828125
0.0103759765625
0.02960205078125
0.075531005859375
0.00244140625
0.06500244140625
0.057220458984375
0.0
0.07781982421875
0.032196044921875
0.001983642578125
0.08392333984375
0.01434326171875
0.0213623046875
0.08026123046875
0.006103515625
0.042877197265625
0.071868896484375
0.00152587890625
0.067291259765625
0.05126953125
0.000152587890625
0.08056640625
0.029144287109375
0.003662109375
0.0836181640625
0.012359619140625
0.031280517578125
0.076904296875
0.002899169921875
0.05584716796875
0.05828857421875
0.000152587890625
0.0811767578125
0.030364990234375
0.0006103515625
0.083770751953125
0.01373291015625
0.023040771484375
0.07781982421875
0.003204345703125
0.054931640625
0.062255859375
0.000152587890625
0.07781982421875
0.036773681640625
-0.000152587890625
0.0836181640625
0.019378662109375
0.011138916015625
0.08270263671875
0.009613037109375
0.029296875
0.07904052734375
0.005340576171875
0.045013427734375
0.0714111328125
0.0018310546875
0.061798095703125
0.06011962890625
0.0006103515625
0.07476806640625
0.04241943359375
0.0
0.07965087890625
0.032196044921875
0.00030517578125
0.083770751953125
0.017852783203125
0.01373291015625
0.081787109375
0.008544921875
0.03387451171875
0.07598876953125
0.003204345703125
0.053558349609375
0.067138671875
0.00091552734375
0.06927490234375
0.050048828125
0.000152587890625
0.0811767578125
0.0286865234375
0.00213623046875
0.083770751953125
0.013427734375
0.023345947265625
0.078125
0.047760009765625
0.064239501953125
0.00030517578125
0.076446533203125
0.0384521484375
-0.000152587890625
0.0836181640625
0.01678466796875
0.016632080078125
0.0811767578125
0.00640869140625
0.043182373046875
0.070648193359375
0.001373291015625
0.069427490234375
0.04638671875
0.0
0.0830078125
0.018768310546875
0.023651123046875
0.078125
0.004119873046875
0.0537109375
0.0634765625
0.0006103515625
0.075836181640625
0.035858154296875
0.000457763671875
0.08392333984375
0.012054443359375
0.030670166015625
0.07598876953125
0.002288818359375
0.06195068359375
0.056915283203125
0.000152587890625
0.08331298828125
0.013275146484375
0.037078857421875
0.070343017578125
0.00030517578125
0.081634521484375
0.019073486328125
0.030059814453125
0.07080078125
0.0006103515625
0.0042724609375
0.01251220703125
0.03875732421875
0.06927490234375
0.00030517578125
0.080413818359375
0.0213623046875
0.01800537109375
0.079345703125
0.00274658203125
0.073089599609375
0.023651123046875
0.0164794921875
0.078582763671875
0.002288818359375
0.074310302734375
0.031890869140625
0.00823974609375
0.081329345703125
0.00274658203125
0.06683349609375
0.040130615234375
0.0
0.082244873046875
0.006866455078125
0.06195068359375
0.046539306640625
0.00640869140625
0.08209228515625
0.0048828125
0.065765380859375
0.044403076171875
0.001373291015625
0.0830078125
0.0048828125
0.056915283203125
0.059051513671875
0.00030517578125
0.079193115234375
0.028076171875
0.00274658203125
0.0836181640625
0.000457763671875
0.083160400390625
0.018310546875
0.01556396484375
0.08087158203125
0.006866455078125
0.042724609375
0.07171630859375
0.00152587890625
0.066070556640625
0.0531005859375
0.0
0.0787353515625
0.000152587890625
0.077972412109375
0.00274658203125
0.061492919921875
0.05828857421875
0.00030517578125
0.077362060546875
0.036163330078125
0.0
0.0823974609375
0.02471923828125
0.006561279296875
0.082855224609375
0.009918212890625
0.03387451171875
0.075836181640625
0.002899169921875
0.057525634765625
0.0628662109375
0.000457763671875
0.07476806640625
0.039825439453125
0.000152587890625
0.08331298828125
0.021820068359375
0.01220703125
0.0823974609375
0.009002685546875
0.03448486328125
0.075836181640625
0.0030517578125
0.056304931640625
0.064697265625
0.000457763671875
0.072479248046875
0.045318603515625
0.000152587890625
0.081939697265625
0.024871826171875
0.005950927734375
0.083465576171875
0.012054443359375
0.027008056640625
0.07781982421875
0.003814697265625
0.00213623046875
0.074615478515625
0.036163330078125
0.006256103515625
0.083160400390625
0.020904541015625
0.075531005859375
0.002288818359375
0.062103271484375
0.052642822265625
0.0
0.0823974609375
0.018157958984375
0.01495361328125
0.08056640625
0.005950927734375
0.0567626953125
0.063323974609375
0.0006103515625
0.0775146484375
0.031890869140625
0.000762939453125
0.083770751953125
0.014190673828125
0.02166748046875
0.079803466796875
0.005035400390625
0.048370361328125
0.06805419921875
0.0006103515625
0.071563720703125
0.044403076171875
-0.000152587890625
0.083465576171875
0.07049560546875
0.040283203125
-0.000152587890625
0.08331298828125
0.018463134765625
0.015869140625
0.08087158203125
0.005950927734375
0.0445556640625
0.07080078125
0.001220703125
0.069122314453125
0.04913330078125
-0.000152587890625
