3.13201904296875
3.129425048828125
3.12957763671875
3.13232421875
3.132781982421875
3.134307861328125
3.132781982421875
3.13323974609375
3.133697509765625
3.135528564453125
3.135528564453125
3.135833740234375
3.134613037109375
3.135986328125
3.136444091796875
3.136444091796875
3.13507080078125
3.13720703125
3.136138916015625
3.136749267578125
3.137359619140625
3.13751220703125
3.1378173828125
3.137664794921875
3.13812255859375
3.138427734375
3.1378173828125
3.138427734375
3.138580322265625
3.138275146484375
3.138580322265625
3.138427734375
3.13934326171875
3.139495849609375
3.139801025390625
3.139801025390625
3.13934326171875
3.138885498046875
3.13873291015625
3.138885498046875
3.138885498046875
3.1390380859375
3.139190673828125
3.140716552734375
3.14056396484375
3.141021728515625
3.1414794921875
3.140411376953125
3.1402587890625
3.141326904296875
3.13995361328125
3.141632080078125
3.140106201171875
3.14178466796875
3.140106201171875
3.142242431640625
3.13995361328125
3.14208984375
3.1414794921875
3.141021728515625
3.140411376953125
3.14178466796875
3.142242431640625
3.1414794921875
3.140716552734375
3.141937255859375
3.140869140625
3.14056396484375
3.140869140625
3.141937255859375
3.1402587890625
3.14178466796875
3.140869140625
3.1414794921875
3.14056396484375
3.141632080078125
3.13995361328125
3.14178466796875
3.14178466796875
3.1396484375
3.140716552734375
3.139801025390625
3.1414794921875
3.13995361328125
3.14178466796875
3.13995361328125
3.141632080078125
3.140411376953125
3.141937255859375
3.141021728515625
3.141632080078125
3.141326904296875
3.1414794921875
3.141021728515625
3.142242431640625
3.141632080078125
3.141326904296875
3.142547607421875
3.141021728515625
3.140716552734375
3.140869140625
3.141632080078125
3.142242431640625
3.14208984375
3.141632080078125
3.142547607421875
3.140869140625
3.14178466796875
3.142242431640625
3.141326904296875
3.1414794921875
3.14208984375
3.143157958984375
3.141326904296875
3.142547607421875
3.142852783203125
3.14239501953125
3.142852783203125
3.140716552734375
3.1427001953125
3.143310546875
3.1414794921875
3.14300537109375
3.142547607421875
3.140869140625
3.141632080078125
3.14178466796875
3.142547607421875
3.14208984375
3.142852783203125
3.1414794921875
3.1427001953125
3.1414794921875
3.142852783203125
3.14300537109375
3.1414794921875
3.14300537109375
3.141021728515625
3.1427001953125
3.1414794921875
3.14239501953125
3.14239501953125
3.142852783203125
3.141937255859375
3.14300537109375
3.14300537109375
3.141326904296875
3.1427001953125
3.14239501953125
3.140869140625
3.14208984375
3.1427001953125
3.142547607421875
3.141021728515625
3.142547607421875
3.140869140625
3.14239501953125
3.140716552734375
3.142242431640625
3.140716552734375
3.140869140625
3.14239501953125
3.14056396484375
3.142242431640625
3.14208984375
3.14117431640625
3.14208984375
3.141937255859375
3.14208984375
3.14300537109375
3.140716552734375
3.142547607421875
3.14300537109375
3.140869140625
3.14117431640625
3.141326904296875
3.142547607421875
3.141326904296875
3.1414794921875
3.141937255859375
3.142852783203125
3.141326904296875
3.14208984375
3.141326904296875
3.141937255859375
3.143463134765625
3.142547607421875
3.14208984375
3.142852783203125
3.141326904296875
3.141632080078125
3.143157958984375
3.1414794921875
3.143310546875
3.141326904296875
3.142547607421875
3.143768310546875
3.14300537109375
3.142242431640625
3.14208984375
3.143157958984375
3.143310546875
3.141937255859375
3.142242431640625
3.14300537109375
3.142852783203125
3.141937255859375
3.141632080078125
3.14361572265625
3.14239501953125
3.14178466796875
3.143463134765625
3.144073486328125
3.142242431640625
3.142242431640625
3.14239501953125
3.143157958984375
3.14239501953125
3.142242431640625
3.1427001953125
3.143463134765625
3.142852783203125
3.142242431640625
3.14361572265625
3.1427001953125
3.142242431640625
3.142547607421875
3.1427001953125
3.141632080078125
3.1414794921875
3.141632080078125
3.141632080078125
3.142852783203125
3.141632080078125
3.141326904296875
3.1427001953125
3.141326904296875
3.140869140625
3.141632080078125
3.14208984375
3.141632080078125
3.1402587890625
3.14178466796875
3.141021728515625
3.141326904296875
3.141937255859375
3.142242431640625
3.14208984375
3.141632080078125
3.141632080078125
3.14239501953125
3.14117431640625
3.14117431640625
3.141632080078125
3.141632080078125
3.140869140625
3.142547607421875
3.141937255859375
3.14239501953125
3.142852783203125
3.14300537109375
3.142547607421875
3.14208984375
3.141326904296875
3.14178466796875
3.141326904296875
3.14208984375
3.14178466796875
3.142242431640625
3.142852783203125
3.141937255859375
3.1427001953125
3.143310546875
3.14178466796875
3.14239501953125
3.141632080078125
3.14239501953125
3.141632080078125
3.14239501953125
3.143157958984375
3.143310546875
3.142547607421875
3.142547607421875
3.1414794921875
3.141937255859375
3.14208984375
3.141937255859375
3.141632080078125
3.141326904296875
3.141632080078125
3.1427001953125
3.142852783203125
3.142852783203125
3.1427001953125
3.14300537109375
3.142547607421875
3.14239501953125
3.14117431640625
3.1414794921875
3.14208984375
3.14117431640625
3.140411376953125
3.141326904296875
3.141021728515625
3.1402587890625
3.1396484375
3.138885498046875
3.13720703125
3.13720703125
3.136444091796875
3.136749267578125
3.137969970703125
3.138275146484375
3.13751220703125
3.137359619140625
3.136138916015625
3.13812255859375
3.137969970703125
3.135986328125
3.137054443359375
3.13751220703125
3.1365966796875
3.13720703125
3.13690185546875
3.13568115234375
3.13629150390625
3.135986328125
3.135528564453125
3.135833740234375
3.135986328125
3.135528564453125
3.13568115234375
3.136749267578125
3.137359619140625
3.13629150390625
3.13690185546875
3.13751220703125
3.137969970703125
3.138275146484375
3.138427734375
3.13812255859375
3.139801025390625
3.139190673828125
3.138275146484375
3.13934326171875
3.13995361328125
3.14056396484375
3.139801025390625
3.1390380859375
3.139495849609375
3.140411376953125
3.1390380859375
3.13934326171875
3.140411376953125
3.139801025390625
3.141326904296875
3.140716552734375
3.139495849609375
3.1414794921875
3.1414794921875
3.141021728515625
3.1402587890625
3.14117431640625
3.140869140625
3.140411376953125
3.14056396484375
3.141937255859375
3.14056396484375
3.140716552734375
3.14178466796875
3.140869140625
3.14117431640625
3.14178466796875
3.141632080078125
3.141326904296875
3.140869140625
3.141632080078125
3.14239501953125
3.14239501953125
3.141937255859375
3.141326904296875
3.1414794921875
3.140869140625
3.140716552734375
3.14117431640625
3.14208984375
3.14117431640625
3.14117431640625
3.141937255859375
3.141632080078125
3.14117431640625
3.14056396484375
3.140411376953125
3.13995361328125
3.140106201171875
3.1414794921875
3.14117431640625
3.140106201171875
3.141326904296875
3.141326904296875
3.140716552734375
3.140869140625
3.140411376953125
3.14056396484375
3.141326904296875
3.142242431640625
3.14178466796875
3.142242431640625
3.141326904296875
3.140869140625
3.140869140625
3.14239501953125
3.141021728515625
3.142547607421875
3.1427001953125
3.141937255859375
3.14178466796875
3.142852783203125
3.1414794921875
3.14300537109375
3.14178466796875
3.143310546875
3.143157958984375
3.14178466796875
3.142242431640625
3.1427001953125
3.141326904296875
3.142547607421875
3.14239501953125
3.14117431640625
3.14178466796875
3.143157958984375
3.14208984375
3.14178466796875
3.141632080078125
3.1427001953125
3.143157958984375
3.1414794921875
3.141632080078125
3.141937255859375
3.141937255859375
3.142547607421875
3.141632080078125
3.142547607421875
3.14300537109375
3.143310546875
3.14239501953125
3.141937255859375
3.14208984375
3.14300537109375
3.1427001953125
3.1427001953125
3.1414794921875
3.1427001953125
3.14300537109375
3.142547607421875
3.143310546875
3.14300537109375
3.14300537109375
3.143157958984375
3.141937255859375
3.14208984375
3.142547607421875
3.14239501953125
3.141326904296875
3.14117431640625
3.14117431640625
3.142242431640625
3.141326904296875
3.14117431640625
3.141021728515625
3.1414794921875
3.14208984375
3.1402587890625
3.1414794921875
3.1414794921875
3.140411376953125
3.1427001953125
3.14178466796875
3.140869140625
3.141937255859375
3.142547607421875
3.141937255859375
3.140869140625
3.1414794921875
3.14239501953125
3.1414794921875
3.142242431640625
3.141632080078125
3.14117431640625
3.142852783203125
3.14208984375
3.142242431640625
3.141326904296875
3.142547607421875
3.14208984375
3.142852783203125
3.141326904296875
3.141937255859375
3.1427001953125
3.142242431640625
3.143157958984375
3.141937255859375
3.143157958984375
3.14178466796875
3.142547607421875
3.141632080078125
3.14208984375
3.14208984375
3.142242431640625
3.142547607421875
3.142547607421875
3.143310546875
3.143157958984375
3.14208984375
3.14208984375
3.14117431640625
3.143463134765625
3.143310546875
3.141326904296875
3.143310546875
3.142242431640625
3.14300537109375
3.141937255859375
3.142547607421875
3.143310546875
3.143463134765625
3.141632080078125
3.143463134765625
3.142242431640625
3.143310546875
3.143463134765625
3.141326904296875
3.141937255859375
3.143157958984375
3.141632080078125
3.14239501953125
3.143310546875
3.14117431640625
3.14208984375
3.14239501953125
3.14178466796875
3.140411376953125
3.1414794921875
3.141937255859375
3.14117431640625
3.142242431640625
3.140716552734375
3.142242431640625
3.14056396484375
3.142242431640625
3.1402587890625
3.142547607421875
3.141021728515625
3.140869140625
3.140716552734375
3.142547607421875
3.140411376953125
3.14208984375
3.14117431640625
3.14208984375
3.142242431640625
3.14178466796875
3.14117431640625
3.141021728515625
3.14239501953125
3.1427001953125
3.141021728515625
3.142547607421875
3.14117431640625
3.14239501953125
3.142547607421875
3.141021728515625
3.142852783203125
3.142547607421875
3.142547607421875
3.141326904296875
3.14300537109375
3.141937255859375
3.142242431640625
3.1427001953125
3.142242431640625
3.141937255859375
3.142852783203125
3.14239501953125
3.141326904296875
3.143157958984375
3.143157958984375
3.142242431640625
3.142242431640625
3.1427001953125
3.14239501953125
3.14208984375
3.14178466796875
3.141326904296875
3.14208984375
3.141632080078125
3.142852783203125
3.14239501953125
3.142547607421875
3.143157958984375
3.142547607421875
3.141632080078125
3.14178466796875
3.143157958984375
3.14239501953125
3.142242431640625
3.143310546875
3.141326904296875
3.141326904296875
3.142852783203125
3.14300537109375
3.141937255859375
3.142852783203125
3.142242431640625
3.14117431640625
3.142242431640625
3.14239501953125
3.14117431640625
3.14117431640625
3.14239501953125
3.141021728515625
3.1414794921875
3.1414794921875
3.14056396484375
3.14178466796875
3.14117431640625
3.14056396484375
3.14208984375
3.140869140625
3.14117431640625
3.141021728515625
3.140411376953125
3.142547607421875
3.14208984375
3.142547607421875
3.14117431640625
3.142852783203125
3.142852783203125
3.142547607421875
3.141632080078125
3.142547607421875
3.14239501953125
3.14178466796875
3.14300537109375
3.142242431640625
3.141937255859375
3.14117431640625
3.14239501953125
3.142852783203125
3.142547607421875
3.141326904296875
3.14117431640625
3.1414794921875
3.142547607421875
3.141937255859375
3.141326904296875
3.142547607421875
3.1427001953125
3.14117431640625
3.141632080078125
3.1427001953125
3.140869140625
3.142852783203125
3.142547607421875
3.14239501953125
3.14208984375
3.142547607421875
3.14239501953125
3.14300537109375
3.142852783203125
3.142547607421875
3.14239501953125
3.14208984375
3.143310546875
3.142852783203125
3.141937255859375
3.1414794921875
3.14300537109375
3.14178466796875
3.14178466796875
3.1427001953125
3.143463134765625
3.143463134765625
3.143310546875
3.141937255859375
3.142852783203125
3.143157958984375
3.142852783203125
3.14300537109375
3.143463134765625
3.14300537109375
3.14300537109375
3.14178466796875
3.14117431640625
3.141021728515625
3.141021728515625
3.141326904296875
3.14117431640625
3.14300537109375
3.14239501953125
3.141021728515625
3.14178466796875
3.142242431640625
3.141937255859375
3.14300537109375
3.1427001953125
3.142242431640625
3.142242431640625
3.140869140625
3.142242431640625
3.141326904296875
3.1427001953125
3.142547607421875
3.14239501953125
3.14239501953125
3.142852783203125
3.14300537109375
3.14239501953125
3.141326904296875
3.14178466796875
3.141632080078125
3.141326904296875
3.141937255859375
3.14239501953125
3.143157958984375
3.1427001953125
3.1427001953125
3.14239501953125
3.1414794921875
3.14239501953125
3.143157958984375
3.141632080078125
3.1414794921875
3.141632080078125
3.141937255859375
3.143157958984375
3.143157958984375
3.14239501953125
3.140716552734375
3.141632080078125
3.141326904296875
3.1414794921875
3.139801025390625
3.13995361328125
3.13934326171875
3.138885498046875
3.1402587890625
3.13995361328125
3.138580322265625
3.138427734375
3.137969970703125
3.1390380859375
3.140106201171875
3.1390380859375
3.13812255859375
3.138275146484375
3.13720703125
3.13812255859375
3.137969970703125
3.137359619140625
3.1378173828125
3.13751220703125
3.13690185546875
3.138427734375
3.136444091796875
3.1365966796875
3.137359619140625
3.135986328125
3.135528564453125
3.135223388671875
3.135986328125
3.135833740234375
3.1353759765625
3.1365966796875
3.135833740234375
3.13568115234375
3.134765625
3.13568115234375
3.134613037109375
3.136138916015625
3.136138916015625
3.13507080078125
3.1353759765625
3.135986328125
3.134765625
3.13568115234375
3.1353759765625
3.136138916015625
3.1353759765625
3.136138916015625
3.135223388671875
3.13507080078125
3.13568115234375
3.134307861328125
3.134307861328125
3.134613037109375
3.135986328125
3.135528564453125
3.1365966796875
3.135223388671875
3.135986328125
3.135986328125
3.1353759765625
3.136138916015625
3.13568115234375
3.1353759765625
3.135223388671875
3.13446044921875
3.136138916015625
3.134918212890625
3.134613037109375
3.135986328125
3.1353759765625
3.13507080078125
3.134918212890625
3.136444091796875
3.134307861328125
3.1353759765625
3.135528564453125
3.13507080078125
3.134918212890625
3.136444091796875
3.13568115234375
3.135833740234375
3.135833740234375
3.135528564453125
3.13507080078125
3.135528564453125
3.135528564453125
3.136444091796875
3.1365966796875
3.135223388671875
3.135528564453125
3.136138916015625
3.135528564453125
3.13568115234375
3.136749267578125
3.137054443359375
3.13629150390625
3.13629150390625
3.136138916015625
3.135223388671875
3.1365966796875
3.135528564453125
3.136444091796875
3.13629150390625
3.136749267578125
3.1353759765625
3.135223388671875
3.13507080078125
3.134918212890625
3.135528564453125
3.135528564453125
3.13507080078125
3.134765625
3.135986328125
3.1353759765625
3.135528564453125
3.13446044921875
3.134918212890625
3.13507080078125
3.13507080078125
3.135528564453125
3.134765625
3.136138916015625
3.134918212890625
3.135223388671875
3.1353759765625
3.1353759765625
3.135986328125
3.134918212890625
3.134613037109375
3.134613037109375
3.13629150390625
3.136444091796875
3.13446044921875
3.134918212890625
3.13568115234375
3.134613037109375
3.135986328125
3.136138916015625
3.13568115234375
3.135833740234375
3.136444091796875
3.136444091796875
3.136138916015625
3.13446044921875
3.135223388671875
3.135528564453125
3.1353759765625
3.13568115234375
3.13629150390625
3.13690185546875
3.13629150390625
3.13507080078125
3.135528564453125
3.13690185546875
3.13720703125
3.1353759765625
3.13720703125
3.137359619140625
3.137359619140625
3.136749267578125
3.13568115234375
3.13568115234375
3.135986328125
3.136749267578125
3.136444091796875
3.135833740234375
3.135223388671875
3.13720703125
3.13690185546875
3.136749267578125
3.137664794921875
3.1365966796875
3.138275146484375
3.137969970703125
3.137054443359375
3.138885498046875
3.13751220703125
3.1390380859375
3.13720703125
3.13873291015625
3.139190673828125
3.138275146484375
3.1396484375
3.138580322265625
3.139190673828125
3.138275146484375
3.13720703125
3.137664794921875
3.1390380859375
3.137054443359375
3.1396484375
3.139495849609375
3.13934326171875
3.139495849609375
3.138427734375
3.139190673828125
3.140411376953125
3.140106201171875
3.13995361328125
3.138885498046875
3.140411376953125
3.140716552734375
3.1396484375
3.13995361328125
3.140716552734375
3.13934326171875
3.138580322265625
3.1396484375
3.1378173828125
3.13873291015625
3.139190673828125
3.13690185546875
3.1378173828125
3.136444091796875
3.137359619140625
3.13690185546875
3.1353759765625
3.136444091796875
3.136138916015625
3.134918212890625
3.136444091796875
3.1365966796875
3.134613037109375
3.134765625
3.136138916015625
3.1341552734375
3.135528564453125
3.13568115234375
3.136444091796875
3.137359619140625
3.136138916015625
3.134307861328125
3.1365966796875
3.13812255859375
3.137359619140625
3.13720703125
3.136749267578125
3.138580322265625
3.137664794921875
3.13751220703125
3.137054443359375
3.136749267578125
3.137054443359375
3.138885498046875
3.13751220703125
3.138275146484375
3.1378173828125
3.138885498046875
3.138427734375
3.13751220703125
3.138885498046875
3.138885498046875
3.138275146484375
3.140106201171875
3.13873291015625
3.14056396484375
3.138427734375
3.13995361328125
3.138885498046875
3.140106201171875
3.140411376953125
3.138885498046875
3.140869140625
3.1402587890625
3.1402587890625
3.140869140625
3.141021728515625
3.139495849609375
3.1402587890625
3.13995361328125
3.14056396484375
3.1396484375
3.140411376953125
3.138427734375
3.138885498046875
3.138275146484375
3.140106201171875
3.140411376953125
3.139495849609375
3.141021728515625
