4.377899169921875
2.673797607421875
4.39483642578125
1.472320556640625
3.54827880859375
4.164581298828125
1.3641357421875
4.06585693359375
2.7911376953125
1.872100830078125
4.402008056640625
2.65380859375
1.852264404296875
4.387054443359375
2.779693603515625
1.75445556640625
4.352264404296875
2.950439453125
1.6156005859375
4.4500732421875
1.566925048828125
3.19366455078125
4.3658447265625
1.510009765625
3.249359130859375
4.338836669921875
1.46331787109375
3.2861328125
4.371795654296875
1.454315185546875
3.456268310546875
4.15771484375
1.328125
3.69842529296875
3.96759033203125
1.298980712890625
3.85589599609375
3.885498046875
1.29608154296875
3.92822265625
3.828887939453125
1.298065185546875
3.9630126953125
3.6944580078125
1.31805419921875
4.217681884765625
1.29364013671875
3.870849609375
3.878326416015625
1.28936767578125
3.9080810546875
3.80340576171875
1.294097900390625
3.977813720703125
3.694915771484375
1.3104248046875
4.03167724609375
3.621826171875
1.31744384765625
4.039764404296875
3.6297607421875
1.31591796875
4.06524658203125
3.5968017578125
1.337432861328125
4.12445068359375
3.464813232421875
1.3702392578125
4.16290283203125
3.32275390625
1.410064697265625
4.1973876953125
3.296966552734375
1.449737548828125
4.2364501953125
3.156585693359375
1.484832763671875
4.255828857421875
3.10760498046875
1.514434814453125
4.28985595703125
2.98828125
1.557769775390625
4.308013916015625
2.95440673828125
1.6046142578125
4.31549072265625
2.884368896484375
1.651611328125
4.34173583984375
2.81829833984375
1.697998046875
4.35394287109375
2.758331298828125
1.72698974609375
4.3707275390625
2.719879150390625
1.768646240234375
4.384765625
2.634735107421875
1.846160888671875
4.40338134765625
2.499847412109375
1.91680908203125
4.4091796875
2.49725341796875
1.95159912109375
4.422607421875
2.37060546875
2.057037353515625
4.436187744140625
2.2442626953125
2.144622802734375
4.447479248046875
2.115936279296875
2.325286865234375
4.464263916015625
1.947784423828125
2.563018798828125
4.466400146484375
1.77703857421875
2.754974365234375
4.4482421875
1.7437744140625
2.813720703125
4.437255859375
1.6387939453125
2.9644775390625
4.398040771484375
1.520843505859375
3.13873291015625
4.358978271484375
1.456146240234375
3.28155517578125
4.305572509765625
1.415863037109375
3.379669189453125
4.24957275390625
1.360626220703125
3.52142333984375
4.16351318359375
1.321868896484375
3.6370849609375
4.088897705078125
1.292572021484375
3.760833740234375
3.965911865234375
1.27838134765625
3.841705322265625
3.8629150390625
1.28326416015625
4.02862548828125
3.618927001953125
1.32843017578125
4.11895751953125
3.43536376953125
1.37481689453125
4.183197021484375
3.289794921875
1.422882080078125
4.2279052734375
3.2208251953125
1.461181640625
3.897857666015625
1.292724609375
4.01885986328125
3.59649658203125
1.336669921875
4.112548828125
3.48419189453125
1.34674072265625
4.147186279296875
3.361968994140625
1.396942138671875
4.1998291015625
3.23699951171875
1.46484375
4.23126220703125
3.157196044921875
1.502685546875
4.278717041015625
3.0218505859375
1.544342041015625
4.308624267578125
2.89947509765625
1.650238037109375
4.34539794921875
2.762603759765625
1.729888916015625
4.368743896484375
2.65655517578125
1.8109130859375
4.395751953125
2.49664306640625
1.9232177734375
4.41192626953125
2.387847900390625
2.053680419921875
4.434967041015625
2.242889404296875
2.149810791015625
4.45709228515625
1.9866943359375
2.45208740234375
4.46624755859375
1.8572998046875
2.642974853515625
4.458160400390625
1.706390380859375
2.84637451171875
4.43511962890625
1.607666015625
2.987060546875
4.409027099609375
1.544342041015625
3.11492919921875
4.360809326171875
1.455230712890625
3.268890380859375
4.302825927734375
1.40838623046875
3.388214111328125
4.236297607421875
1.35101318359375
3.535614013671875
4.141845703125
1.313018798828125
3.684844970703125
4.00115966796875
1.27899169921875
3.844757080078125
3.866119384765625
1.277923583984375
3.94683837890625
3.72711181640625
1.29119873046875
4.017181396484375
3.63525390625
1.31011962890625
4.07318115234375
3.524017333984375
1.358795166015625
4.170684814453125
3.314208984375
1.4111328125
4.212646484375
3.20709228515625
1.472625732421875
4.273529052734375
3.038177490234375
1.560211181640625
4.31640625
2.91717529296875
1.6357421875
4.3463134765625
2.691650390625
1.801300048828125
4.398345947265625
2.48138427734375
1.97509765625
4.425811767578125
2.320556640625
2.11029052734375
4.44488525390625
2.12158203125
2.330474853515625
4.464111328125
1.941986083984375
2.54913330078125
4.46380615234375
1.7864990234375
2.762298583984375
4.442901611328125
1.62933349609375
2.982330322265625
4.390106201171875
1.4959716796875
3.213653564453125
4.3157958984375
1.4117431640625
3.40728759765625
3.289794921875
1.461029052734375
4.27001953125
3.0364990234375
1.596221923828125
4.329071044921875
2.793121337890625
1.736297607421875
4.379425048828125
2.61505126953125
1.8695068359375
4.409332275390625
2.401580810546875
2.079925537109375
4.440155029296875
2.158966064453125
2.3046875
4.45404052734375
2.033843994140625
2.44720458984375
4.463653564453125
1.87713623046875
2.61962890625
4.452972412109375
1.74407958984375
2.84942626953125
4.416656494140625
1.561126708984375
3.123931884765625
4.349365234375
1.47613525390625
3.254547119140625
4.268035888671875
1.363525390625
3.5028076171875
4.117279052734375
1.28997802734375
3.74267578125
3.97125244140625
1.2725830078125
3.92547607421875
3.733978271484375
1.296539306640625
4.0594482421875
3.524169921875
1.344451904296875
4.1619873046875
3.289642333984375
1.4520263671875
4.244842529296875
2.99346923828125
1.654052734375
4.348907470703125
2.6708984375
1.79168701171875
4.3988037109375
2.4993896484375
1.96075439453125
4.431915283203125
2.25616455078125
2.180328369140625
4.45159912109375
2.103118896484375
2.355499267578125
4.463958740234375
1.9232177734375
2.54608154296875
4.458160400390625
1.6937255859375
2.89337158203125
4.403533935546875
1.5106201171875
3.167266845703125
4.32952880859375
1.4111328125
3.371734619140625
4.241180419921875
1.347503662109375
3.570404052734375
4.10797119140625
1.29547119140625
3.743438720703125
3.95660400390625
1.27532958984375
3.8995361328125
3.78173828125
1.292724609375
4.0423583984375
3.52935791015625
1.355133056640625
4.179840087890625
3.264312744140625
1.470184326171875
4.281158447265625
2.92755126953125
1.647491455078125
4.366912841796875
2.59429931640625
1.944732666015625
4.43145751953125
2.238006591796875
2.27142333984375
4.463348388671875
1.959075927734375
2.529754638671875
4.466400146484375
1.766204833984375
2.795867919921875
4.43756103515625
1.607818603515625
3.07464599609375
4.362335205078125
1.440887451171875
3.369598388671875
4.225006103515625
1.328887939453125
3.65936279296875
1.2774658203125
3.99627685546875
3.61785888671875
1.320037841796875
4.125823974609375
3.39447021484375
1.40228271484375
4.214935302734375
3.159637451171875
1.515655517578125
4.302825927734375
2.9229736328125
1.638641357421875
4.35150146484375
2.740325927734375
1.78924560546875
4.39300537109375
2.5030517578125
1.95556640625
4.425811767578125
2.289886474609375
2.152252197265625
4.449615478515625
2.075042724609375
2.37640380859375
4.46502685546875
1.90185546875
2.57781982421875
4.4610595703125
1.76239013671875
2.792816162109375
4.43267822265625
1.627044677734375
3.0133056640625
4.392242431640625
1.486053466796875
3.272247314453125
4.2926025390625
1.37725830078125
3.470001220703125
4.182586669921875
1.32049560546875
3.651275634765625
4.0399169921875
1.2835693359375
3.82904052734375
3.859100341796875
1.280670166015625
3.988189697265625
3.642425537109375
1.31256103515625
4.0960693359375
3.46221923828125
1.391143798828125
4.22637939453125
3.1292724609375
1.53472900390625
4.312744140625
2.88970947265625
1.66595458984375
4.3597412109375
2.686767578125
1.806182861328125
4.405059814453125
2.432098388671875
2.0355224609375
4.4384765625
2.263641357421875
2.192535400390625
4.456634521484375
2.042236328125
2.45147705078125
4.470367431640625
1.810455322265625
2.719268798828125
4.444427490234375
1.612091064453125
3.081512451171875
4.361419677734375
1.447601318359375
3.3270263671875
4.257659912109375
1.3507080078125
3.547515869140625
4.12200927734375
1.300811767578125
3.74786376953125
3.936309814453125
1.277313232421875
3.9459228515625
3.72100830078125
1.304168701171875
4.0887451171875
3.46710205078125
1.3800048828125
4.207763671875
3.1964111328125
1.506500244140625
4.30267333984375
2.878875732421875
1.6864013671875
4.366455078125
2.6556396484375
1.845855712890625
4.406890869140625
2.39898681640625
2.078857421875
4.4403076171875
2.1942138671875
2.282562255859375
4.4610595703125
1.859283447265625
2.770233154296875
4.4366455078125
1.61590576171875
3.07373046875
3.761749267578125
1.331939697265625
4.167327880859375
3.23272705078125
1.49078369140625
4.300537109375
2.924652099609375
1.685791015625
4.371490478515625
2.58270263671875
1.92535400390625
4.432525634765625
2.209930419921875
2.280426025390625
4.465789794921875
1.886444091796875
2.6495361328125
4.45526123046875
1.67327880859375
3.00140380859375
4.376983642578125
1.45904541015625
3.325958251953125
4.22821044921875
1.33056640625
3.623046875
4.075469970703125
1.281280517578125
3.871917724609375
3.754425048828125
1.297607421875
4.061279296875
3.49853515625
1.362457275390625
4.201202392578125
3.16497802734375
1.54144287109375
4.332427978515625
2.75238037109375
1.802825927734375
4.4097900390625
2.3834228515625
2.1038818359375
4.44610595703125
2.082672119140625
2.459869384765625
4.468841552734375
1.781463623046875
2.81494140625
4.433746337890625
1.578521728515625
3.138275146484375
4.33258056640625
1.409454345703125
3.42041015625
4.203948974609375
1.318511962890625
3.699493408203125
3.941802978515625
1.27838134765625
3.979644775390625
3.603973388671875
1.34918212890625
4.196624755859375
3.17169189453125
1.563568115234375
4.333038330078125
2.710418701171875
1.819610595703125
4.405975341796875
2.38006591796875
2.119903564453125
4.451751708984375
1.98638916015625
2.556304931640625
4.4580078125
1.7230224609375
2.914276123046875
4.2816162109375
1.2811279296875
4.122772216796875
2.999114990234375
1.6357421875
4.360504150390625
2.587738037109375
1.932373046875
4.42901611328125
2.23114013671875
2.3040771484375
4.4683837890625
1.865386962890625
2.688140869140625
4.441986083984375
1.591339111328125
3.1585693359375
4.318084716796875
1.371307373046875
3.569183349609375
4.06585693359375
1.280670166015625
3.91326904296875
3.657073974609375
1.324615478515625
4.14520263671875
3.277435302734375
1.498260498046875
4.304351806640625
2.859039306640625
1.746826171875
4.3963623046875
2.427520751953125
2.116851806640625
4.45831298828125
1.922149658203125
2.67120361328125
4.113922119140625
1.27777099609375
3.938140869140625
3.629150390625
1.3336181640625
4.162750244140625
3.213348388671875
1.524200439453125
4.322357177734375
2.760467529296875
1.820831298828125
4.413604736328125
2.33917236328125
2.1783447265625
4.45892333984375
1.98486328125
2.566680908203125
4.462127685546875
1.678924560546875
3.00689697265625
4.36981201171875
1.44744873046875
3.381805419921875
4.193267822265625
1.310882568359375
3.75396728515625
3.882598876953125
1.284942626953125
4.06463623046875
3.424072265625
1.409149169921875
4.249267578125
2.98858642578125
1.653594970703125
4.377899169921875
2.489471435546875
2.03857421875
4.44122314453125
2.104034423828125
2.429046630859375
4.4647216796875
1.76361083984375
2.881011962890625
4.39544677734375
1.45263671875
3.380126953125
4.214324951171875
1.31256103515625
3.72711181640625
3.91754150390625
1.278533935546875
3.985443115234375
3.568572998046875
1.356964111328125
4.212188720703125
3.068389892578125
1.62017822265625
4.365997314453125
2.52197265625
2.0196533203125
4.445037841796875
2.05657958984375
2.50244140625
4.467926025390625
1.729888916015625
2.928009033203125
4.38201904296875
1.449432373046875
3.430633544921875
4.155120849609375
1.292572021484375
3.8458251953125
3.77960205078125
1.30279541015625
4.11651611328125
3.328704833984375
1.474151611328125
4.29443359375
2.860107421875
1.758880615234375
4.410552978515625
2.317352294921875
2.23114013671875
4.4659423828125
1.88018798828125
2.716522216796875
4.434661865234375
1.5606689453125
3.19671630859375
4.281005859375
1.3665771484375
3.57513427734375
4.040985107421875
1.27685546875
3.92059326171875
3.66973876953125
1.3299560546875
4.16839599609375
3.215789794921875
1.550140380859375
4.34173583984375
2.61688232421875
1.9586181640625
4.43603515625
2.144012451171875
2.404327392578125
4.464263916015625
1.68426513671875
3.013916015625
4.356231689453125
1.400909423828125
3.5565185546875
4.0203857421875
1.274566650390625
4.365997314453125
1.284332275390625
3.907318115234375
3.52691650390625
1.389312744140625
4.250335693359375
2.7716064453125
1.876678466796875
4.424591064453125
2.099456787109375
2.59246826171875
4.4329833984375
1.480560302734375
3.3807373046875
4.136199951171875
1.2762451171875
4.156951904296875
2.96905517578125
1.68212890625
4.411773681640625
2.16949462890625
2.52227783203125
4.43359375
1.522216796875
3.25164794921875
4.2071533203125
1.288909912109375
3.890533447265625
3.600311279296875
1.3690185546875
4.266357421875
2.745513916015625
1.932220458984375
4.430999755859375
2.032012939453125
2.55615234375
4.447174072265625
1.53900146484375
3.2977294921875
4.227294921875
1.315155029296875
3.7158203125
3.91082763671875
1.274261474609375
4.05731201171875
3.358001708984375
1.453094482421875
4.292449951171875
2.797088623046875
1.79107666015625
4.3975830078125
2.357330322265625
2.1875
4.449462890625
1.93023681640625
2.65045166015625
4.42840576171875
1.543121337890625
3.255615234375
4.228515625
1.3031005859375
3.803253173828125
3.7078857421875
1.32110595703125
4.17694091796875
3.085784912109375
1.656646728515625
4.385986328125
2.37884521484375
2.230377197265625
4.45587158203125
1.76361083984375
3.055419921875
4.317779541015625
1.360015869140625
3.5955810546875
3.990478515625
1.276092529296875
4.08203125
3.351898193359375
1.469879150390625
4.31427001953125
2.6068115234375
2.00286865234375
4.4451904296875
1.8670654296875
3.0535888671875
4.160003662109375
1.270294189453125
3.997802734375
3.1695556640625
1.59210205078125
4.384307861328125
2.252655029296875
2.352447509765625
4.451751708984375
1.6033935546875
3.232269287109375
4.210205078125
1.29913330078125
4.003448486328125
2.3956298828125
4.328460693359375
1.3134765625
3.838958740234375
3.66668701171875
1.37481689453125
4.2535400390625
2.8704833984375
1.899566650390625
4.439849853515625
2.027587890625
2.632598876953125
4.440460205078125
2.7996826171875
4.278106689453125
1.305084228515625
3.920135498046875
3.57635498046875
1.445159912109375
4.307403564453125
2.721710205078125
1.91162109375
4.437713623046875
2.06573486328125
2.690277099609375
4.42047119140625
1.47796630859375
3.44390869140625
4.091949462890625
1.277008056640625
3.986968994140625
3.47930908203125
1.43157958984375
4.291229248046875
2.7301025390625
4.209442138671875
1.445159912109375
3.902587890625
3.5186767578125
1.433258056640625
4.3035888671875
3.027496337890625
4.23980712890625
1.2908935546875
3.85955810546875
3.691558837890625
1.34674072265625
4.239501953125
2.851409912109375
1.82464599609375
4.428558349609375
2.13958740234375
2.481689453125
4.454498291015625
1.52069091796875
4.41986083984375
2.064971923828125
2.60162353515625
4.4403076171875
1.5252685546875
3.43017578125
4.089813232421875
1.274566650390625
3.994140625
3.486480712890625
1.450347900390625
4.312591552734375
2.6458740234375
1.993408203125
4.451141357421875
1.93817138671875
2.763214111328125
4.405517578125
1.442108154296875
3.51654052734375
4.035797119140625
1.27655029296875
4.077301025390625
3.30780029296875
1.5277099609375
4.34478759765625
2.57171630859375
2.17498779296875
4.456329345703125
1.73858642578125
2.994384765625
4.321136474609375
1.32598876953125
3.793182373046875
3.711700439453125
1.33453369140625
4.2218017578125
2.9248046875
1.75201416015625
4.41680908203125
2.179107666015625
2.45147705078125
4.448699951171875
1.52862548828125
3.385162353515625
4.1064453125
1.277923583984375
4.000091552734375
3.467864990234375
1.44195556640625
4.309844970703125
2.7117919921875
1.9439697265625
4.449615478515625
1.96990966796875
2.691192626953125
4.42962646484375
1.499786376953125
3.397216796875
4.08172607421875
1.27655029296875
4.0142822265625
3.413543701171875
1.48529052734375
4.361114501953125
2.5091552734375
2.097930908203125
4.462127685546875
1.84722900390625
2.852020263671875
4.374237060546875
1.396026611328125
3.601531982421875
3.953704833984375
1.283416748046875
4.259033203125
1.28143310546875
3.955078125
3.561248779296875
1.443328857421875
4.31304931640625
2.712554931640625
1.927490234375
4.43603515625
2.072906494140625
2.6983642578125
4.42138671875
1.484375
3.362884521484375
4.128570556640625
1.277618408203125
4.017333984375
3.464202880859375
1.4520263671875
4.314422607421875
2.65716552734375
2.090911865234375
4.4647216796875
1.85211181640625
2.870941162109375
4.364166259765625
1.353912353515625
3.691558837890625
3.87481689453125
1.2945556640625
4.12933349609375
3.199920654296875
1.600799560546875
4.378662109375
2.418212890625
2.165374755859375
4.46380615234375
1.764678955078125
2.991180419921875
4.32220458984375
1.34490966796875
3.701171875
3.89617919921875
1.31744384765625
4.193267822265625
3.011627197265625
1.77490234375
4.426422119140625
2.108612060546875
2.545928955078125
