2.972412109375
3.061981201171875
3.060302734375
2.937164306640625
3.050689697265625
2.98583984375
2.964630126953125
2.95989990234375
3.032684326171875
2.994232177734375
2.9571533203125
3.080902099609375
2.98248291015625
2.95257568359375
3.074493408203125
3.0126953125
2.93853759765625
2.972412109375
3.07861328125
3.023223876953125
2.942657470703125
3.0352783203125
3.079376220703125
2.9803466796875
2.944793701171875
3.05450439453125
3.0682373046875
2.96051025390625
2.96142578125
3.060302734375
3.003387451171875
3.0377197265625
3.016510009765625
3.013153076171875
3.052215576171875
2.944793701171875
3.07586669921875
2.984771728515625
2.97698974609375
3.059844970703125
2.946319580078125
3.069305419921875
3.028106689453125
2.9522705078125
3.07525634765625
3.021087646484375
2.953643798828125
3.082275390625
3.032073974609375
2.94921875
3.05267333984375
3.065185546875
2.94830322265625
3.0474853515625
3.062286376953125
2.94891357421875
3.058013916015625
3.05206298828125
2.94769287109375
3.04412841796875
3.066864013671875
2.948455810546875
3.05572509765625
3.051300048828125
2.963714599609375
3.0938720703125
2.96173095703125
3.01177978515625
3.087310791015625
2.949981689453125
3.067169189453125
3.03497314453125
2.95166015625
3.06610107421875
3.035125732421875
2.967376708984375
3.08990478515625
3.0126953125
2.957916259765625
3.09295654296875
3.003692626953125
2.966766357421875
3.0926513671875
2.996978759765625
2.9791259765625
3.09478759765625
2.953033447265625
3.025360107421875
3.079986572265625
2.9498291015625
3.0267333984375
3.079681396484375
2.951202392578125
3.039703369140625
3.075408935546875
2.947998046875
3.03314208984375
3.07769775390625
2.95166015625
3.017425537109375
3.062591552734375
2.949066162109375
3.047637939453125
3.059844970703125
2.949676513671875
3.05694580078125
3.05908203125
2.951202392578125
3.030853271484375
3.0743408203125
2.95166015625
3.02825927734375
3.07403564453125
2.95013427734375
3.0523681640625
3.0645751953125
2.950439453125
3.092193603515625
2.949981689453125
3.08319091796875
2.963714599609375
3.035125732421875
3.04901123046875
2.95654296875
3.08807373046875
2.99957275390625
2.97515869140625
3.096771240234375
2.956390380859375
3.022918701171875
3.071746826171875
2.950592041015625
3.07769775390625
3.028564453125
2.953338623046875
3.08502197265625
3.003387451171875
2.9730224609375
3.09783935546875
2.969207763671875
3.0169677734375
3.0743408203125
2.950286865234375
3.063507080078125
3.03314208984375
2.957305908203125
3.093109130859375
2.976226806640625
3.067474365234375
2.98431396484375
2.983551025390625
3.0950927734375
2.959747314453125
3.017578125
3.085479736328125
2.951507568359375
3.04412841796875
3.06121826171875
2.95135498046875
3.0718994140625
3.025970458984375
2.96173095703125
3.091278076171875
2.993316650390625
2.990264892578125
3.094940185546875
2.957305908203125
3.03070068359375
3.0609130859375
2.94952392578125
3.077545166015625
3.020477294921875
2.966766357421875
3.095703125
2.97607421875
2.987823486328125
3.092041015625
2.960205078125
3.0145263671875
3.067169189453125
2.952728271484375
3.0908203125
2.995758056640625
2.97882080078125
3.096923828125
2.975311279296875
3.013458251953125
3.072509765625
2.950897216796875
3.076629638671875
3.02093505859375
2.977447509765625
3.09295654296875
2.95684814453125
3.043670654296875
3.057861328125
2.95074462890625
3.08013916015625
3.006744384765625
3.026123046875
3.04718017578125
2.953643798828125
3.093414306640625
2.979583740234375
3.000946044921875
3.080291748046875
2.95074462890625
3.069610595703125
3.0157470703125
2.9730224609375
3.096923828125
2.977752685546875
3.003997802734375
3.09051513671875
2.953643798828125
3.052215576171875
3.03955078125
2.957305908203125
3.09234619140625
2.98370361328125
3.0029296875
3.08746337890625
2.953033447265625
3.05938720703125
3.034210205078125
2.9638671875
3.092803955078125
2.99072265625
2.9736328125
3.095245361328125
2.971649169921875
3.020782470703125
3.05419921875
2.952728271484375
3.088531494140625
2.96844482421875
3.06610107421875
2.956390380859375
3.09661865234375
2.957916259765625
3.033905029296875
3.028717041015625
2.964324951171875
3.09539794921875
2.965240478515625
3.024749755859375
3.068695068359375
2.954254150390625
3.089447021484375
2.982025146484375
3.0157470703125
3.06610107421875
2.952728271484375
3.090362548828125
2.967071533203125
3.045806884765625
3.034210205078125
2.964935302734375
3.096923828125
2.96142578125
3.026580810546875
3.05938720703125
2.969818115234375
3.0963134765625
2.965545654296875
3.03070068359375
3.05908203125
2.952117919921875
3.093109130859375
2.979278564453125
3.022308349609375
3.06304931640625
2.95440673828125
3.091278076171875
2.97210693359375
3.027496337890625
3.05694580078125
2.956390380859375
3.096923828125
2.97454833984375
3.03741455078125
3.04718017578125
2.96173095703125
3.097381591796875
2.957000732421875
3.055419921875
3.030853271484375
2.973785400390625
3.096160888671875
2.955169677734375
3.053436279296875
3.02337646484375
2.978973388671875
3.092193603515625
2.95135498046875
3.074188232421875
2.994842529296875
2.998809814453125
3.06671142578125
2.95501708984375
3.09326171875
2.95623779296875
3.04779052734375
3.022308349609375
2.968597412109375
3.08807373046875
2.946929931640625
3.082275390625
2.9937744140625
2.988128662109375
3.074798583984375
2.944793701171875
3.08013916015625
2.982330322265625
2.999114990234375
3.065643310546875
2.947845458984375
3.0865478515625
2.96112060546875
3.039398193359375
3.005828857421875
2.9888916015625
3.065032958984375
2.946624755859375
3.082427978515625
2.96875
3.011322021484375
3.051910400390625
2.94464111328125
3.083953857421875
2.95989990234375
3.0364990234375
3.00048828125
2.99102783203125
3.073272705078125
2.947845458984375
3.0810546875
3.006744384765625
2.97119140625
3.0926513671875
2.95013427734375
3.062591552734375
3.014678955078125
2.977447509765625
3.09051513671875
2.949371337890625
3.05908203125
3.03497314453125
2.961883544921875
3.094940185546875
2.95684814453125
2.952880859375
3.0902099609375
2.9498291015625
3.084564208984375
2.978363037109375
3.01239013671875
3.052520751953125
2.957611083984375
3.096160888671875
2.955169677734375
3.054351806640625
3.034515380859375
2.96722412109375
3.09356689453125
2.952880859375
3.043670654296875
3.0413818359375
2.95654296875
3.09600830078125
2.97149658203125
3.030242919921875
3.050079345703125
2.960968017578125
3.09661865234375
2.95684814453125
3.0517578125
3.04229736328125
2.960968017578125
3.096771240234375
2.958831787109375
3.047637939453125
3.029022216796875
2.971649169921875
3.094940185546875
2.95196533203125
3.0694580078125
3.0133056640625
2.97271728515625
3.0889892578125
2.950897216796875
3.089599609375
2.986602783203125
3.02215576171875
3.0499267578125
2.96234130859375
3.0950927734375
2.9541015625
3.044891357421875
3.0242919921875
2.963409423828125
3.094329833984375
2.95013427734375
3.07769775390625
2.991790771484375
3.00872802734375
3.058929443359375
2.958984375
3.09417724609375
2.959442138671875
3.051605224609375
3.01788330078125
2.97943115234375
3.08868408203125
2.950897216796875
3.07403564453125
3.002471923828125
2.99713134765625
3.0755615234375
2.953643798828125
3.09661865234375
2.955474853515625
3.07159423828125
2.988433837890625
3.01788330078125
3.047637939453125
2.967529296875
3.0975341796875
2.953338623046875
3.07586669921875
3.0010986328125
2.9986572265625
3.072357177734375
2.959136962890625
3.09661865234375
2.951507568359375
3.08197021484375
2.978973388671875
3.028564453125
3.05816650390625
2.961578369140625
3.09600830078125
2.954864501953125
3.070831298828125
3.00384521484375
2.9998779296875
3.067779541015625
2.96173095703125
3.0950927734375
2.9541015625
3.052520751953125
3.024139404296875
2.988739013671875
3.0767822265625
2.9547119140625
3.097686767578125
2.954254150390625
3.078155517578125
2.989349365234375
3.01483154296875
3.050079345703125
2.968292236328125
3.094635009765625
2.950897216796875
3.08258056640625
2.98675537109375
3.0133056640625
3.008270263671875
2.963714599609375
3.073883056640625
2.9803466796875
3.040313720703125
3.028564453125
2.97698974609375
3.086090087890625
2.953643798828125
3.095703125
2.955169677734375
3.064422607421875
2.9974365234375
3.0084228515625
3.0596923828125
2.958526611328125
3.0914306640625
2.94891357421875
3.086395263671875
2.9718017578125
3.03985595703125
3.013763427734375
2.996826171875
3.07342529296875
2.956390380859375
3.096160888671875
2.950439453125
3.078155517578125
2.987823486328125
3.019866943359375
3.0450439453125
2.976837158203125
3.079986572265625
2.951812744140625
3.09051513671875
2.9736328125
3.01422119140625
3.06060791015625
2.962799072265625
3.0963134765625
2.9534912109375
3.072509765625
2.9754638671875
3.045654296875
3.02978515625
2.967987060546875
3.089447021484375
2.950439453125
3.087005615234375
2.9742431640625
3.043975830078125
3.00537109375
2.99560546875
3.079376220703125
2.957916259765625
3.0963134765625
2.95379638671875
3.08258056640625
2.976531982421875
3.03741455078125
3.012237548828125
2.99468994140625
3.06365966796875
2.97027587890625
3.0914306640625
2.95196533203125
3.0938720703125
2.965850830078125
3.05572509765625
3.015594482421875
2.997283935546875
3.07281494140625
2.960968017578125
3.096923828125
2.955474853515625
3.074188232421875
2.978668212890625
3.04046630859375
3.020782470703125
2.984619140625
3.082733154296875
2.952728271484375
3.09600830078125
2.95074462890625
3.0859375
2.98370361328125
3.03436279296875
3.02825927734375
2.97943115234375
3.081512451171875
2.957916259765625
3.094482421875
2.953033447265625
3.09539794921875
2.949676513671875
3.079833984375
2.98065185546875
3.038482666015625
3.00750732421875
3.000946044921875
3.05572509765625
2.965850830078125
3.087310791015625
2.9547119140625
3.096923828125
2.951812744140625
3.091888427734375
2.956085205078125
3.0810546875
2.985382080078125
3.04443359375
3.0316162109375
2.98828125
3.082733154296875
2.95684814453125
2.974395751953125
3.091888427734375
2.946014404296875
3.09600830078125
2.95074462890625
3.094482421875
2.95562744140625
3.08380126953125
2.958831787109375
3.082122802734375
2.957916259765625
2.962646484375
2.957611083984375
3.032379150390625
3.00384521484375
3.028411865234375
3.01666259765625
3.03070068359375
2.991790771484375
3.039703369140625
2.9974365234375
3.0438232421875
2.987060546875
3.070831298828125
2.968292236328125
3.07708740234375
2.9620361328125
3.094940185546875
2.950897216796875
3.097076416015625
2.95013427734375
3.093109130859375
2.955474853515625
3.09051513671875
2.957916259765625
3.087615966796875
2.9547119140625
3.0902099609375
2.965240478515625
3.074951171875
2.99072265625
3.017120361328125
3.021697998046875
3.001708984375
3.042755126953125
2.98675537109375
3.0517578125
2.96173095703125
3.085784912109375
2.957000732421875
3.089599609375
2.953033447265625
3.09295654296875
2.95623779296875
3.0908203125
2.9486083984375
3.094482421875
2.948455810546875
3.0950927734375
2.94891357421875
3.0908203125
2.967071533203125
3.058319091796875
2.982330322265625
3.037261962890625
2.989349365234375
3.037261962890625
3.01300048828125
3.01116943359375
3.038330078125
2.984161376953125
3.065643310546875
2.970733642578125
3.082122802734375
2.9608154296875
3.087158203125
2.959136962890625
3.087310791015625
2.96234130859375
3.08837890625
2.95440673828125
3.092498779296875
2.953643798828125
3.09478759765625
2.952117919921875
3.096923828125
2.951202392578125
3.09600830078125
2.952423095703125
3.08929443359375
2.95623779296875
3.071441650390625
2.962646484375
3.066558837890625
2.978363037109375
3.07281494140625
2.962799072265625
3.078765869140625
2.95623779296875
3.090057373046875
2.95623779296875
3.086700439453125
2.955780029296875
3.091278076171875
2.953643798828125
3.08868408203125
2.95562744140625
3.0889892578125
2.96539306640625
3.065948486328125
2.9705810546875
3.063812255859375
2.97088623046875
3.076934814453125
3.015289306640625
2.99041748046875
3.045654296875
3.013153076171875
3.0181884765625
3.022003173828125
3.022613525390625
3.015289306640625
3.01727294921875
3.01300048828125
3.011322021484375
3.006591796875
3.017578125
3.0389404296875
2.99163818359375
3.03253173828125
2.99896240234375
3.034210205078125
2.996978759765625
3.036041259765625
2.995758056640625
3.04534912109375
2.98126220703125
3.05938720703125
2.9779052734375
3.077239990234375
2.961578369140625
3.07861328125
2.957000732421875
3.083953857421875
2.9656982421875
3.08624267578125
2.96844482421875
3.0780029296875
2.964324951171875
3.08013916015625
2.964630126953125
3.079376220703125
2.9669189453125
3.0841064453125
2.958984375
3.070526123046875
2.973480224609375
3.02978515625
3.01361083984375
2.957916259765625
3.090972900390625
2.995758056640625
2.977142333984375
3.078765869140625
2.958221435546875
3.058929443359375
3.014678955078125
2.96539306640625
3.083038330078125
2.945709228515625
3.042755126953125
3.050079345703125
2.957305908203125
3.085479736328125
2.9498291015625
3.079681396484375
3.0145263671875
2.97271728515625
3.089141845703125
2.949676513671875
3.067626953125
3.0084228515625
2.977294921875
3.077239990234375
2.98980712890625
2.9473876953125
3.089447021484375
3.0120849609375
2.952880859375
3.088836669921875
2.96783447265625
2.97576904296875
3.077545166015625
2.944183349609375
3.08441162109375
3.03985595703125
2.942047119140625
3.08990478515625
2.94281005859375
3.0865478515625
2.94219970703125
3.0859375
2.941436767578125
3.086700439453125
2.943267822265625
3.082275390625
2.942962646484375
3.084259033203125
2.953948974609375
3.068389892578125
2.956390380859375
3.062896728515625
2.96478271484375
3.042144775390625
2.99072265625
3.02764892578125
3.007659912109375
2.994842529296875
3.06121826171875
2.943878173828125
3.087615966796875
2.946014404296875
3.067169189453125
2.969512939453125
3.0340576171875
3.020172119140625
3.0914306640625
3.06793212890625
3.03466796875
2.97515869140625
3.068084716796875
2.948760986328125
3.087615966796875
2.94525146484375
3.062744140625
2.961578369140625
3.043975830078125
3.00628662109375
2.996368408203125
3.05816650390625
2.943267822265625
3.075714111328125
2.97943115234375
2.987823486328125
3.085174560546875
3.055419921875
2.955780029296875
3.00567626953125
3.08197021484375
2.946929931640625
3.02642822265625
3.079376220703125
2.990875244140625
2.94647216796875
3.0731201171875
2.984161376953125
2.98431396484375
3.0780029296875
2.9449462890625
3.090057373046875
2.98248291015625
2.967681884765625
3.088531494140625
2.954864501953125
2.998199462890625
3.069915771484375
2.950439453125
2.98187255859375
3.003692626953125
3.04534912109375
3.074798583984375
3.086090087890625
2.959136962890625
3.07891845703125
2.972869873046875
3.032684326171875
2.98675537109375
2.94189453125
2.997283935546875
3.0377197265625
3.087310791015625
3.0487060546875
3.085784912109375
3.03924560546875
2.944488525390625
2.997894287109375
3.06304931640625
2.9779052734375
3.08837890625
2.981719970703125
2.953338623046875
2.942657470703125
2.95745849609375
3.01025390625
3.0865478515625
2.99102783203125
2.952728271484375
2.94219970703125
2.950897216796875
2.976837158203125
2.989044189453125
2.9931640625
3.058624267578125
3.06793212890625
2.993621826171875
2.945098876953125
2.944183349609375
3.087921142578125
2.950439453125
3.066558837890625
2.995147705078125
2.99224853515625
3.06640625
2.953338623046875
2.95318603515625
3.010406494140625
2.949676513671875
3.08502197265625
2.95989990234375
3.03131103515625
3.043365478515625
2.94952392578125
3.090972900390625
2.948455810546875
3.065185546875
2.999420166015625
2.997283935546875
3.047637939453125
2.970123291015625
2.950286865234375
2.9931640625
3.03924560546875
2.965087890625
3.077239990234375
2.94952392578125
3.093414306640625
2.96356201171875
3.0517578125
3.00537109375
3.01666259765625
3.02886962890625
2.9718017578125
3.08380126953125
2.947540283203125
3.09356689453125
2.948760986328125
3.083038330078125
2.971649169921875
3.040771484375
3.003692626953125
3.018341064453125
3.036956787109375
2.978515625
3.065032958984375
2.95806884765625
3.08929443359375
2.948760986328125
3.094940185546875
2.957763671875
3.08135986328125
2.973175048828125
3.02490234375
3.017730712890625
2.988128662109375
3.07464599609375
2.94647216796875
3.084869384765625
2.98614501953125
2.94464111328125
2.97271728515625
3.084869384765625
3.01788330078125
2.99346923828125
2.959747314453125
3.014678955078125
3.06793212890625
2.953033447265625
3.060455322265625
2.9833984375
2.94464111328125
3.086090087890625
3.02764892578125
2.942352294921875
3.043365478515625
3.00201416015625
2.950286865234375
2.952728271484375
3.057861328125
2.9608154296875
3.04168701171875
3.000335693359375
2.988128662109375
3.0712890625
2.942657470703125
3.0853271484375
2.94891357421875
3.07342529296875
2.9815673828125
3.02398681640625
3.02764892578125
2.978515625
3.06427001953125
2.954254150390625
2.982025146484375
3.090057373046875
2.975311279296875
3.027191162109375
3.043670654296875
2.962188720703125
3.09112548828125
2.949066162109375
3.0902099609375
2.9595947265625
3.070068359375
2.9803466796875
3.03131103515625
3.024444580078125
2.99102783203125
3.056793212890625
2.953643798828125
3.0938720703125
2.952728271484375
3.076171875
2.9656982421875
3.05267333984375
3.005828857421875
2.9931640625
3.046112060546875
2.969207763671875
3.086395263671875
2.94952392578125
3.096160888671875
2.952423095703125
3.07647705078125
2.98248291015625
3.030853271484375
3.04107666015625
2.97119140625
2.98309326171875
3.03192138671875
3.04168701171875
2.96661376953125
