0.593109130859375
0.719146728515625
0.3875732421875
0.27008056640625
0.7635498046875
0.313262939453125
0.319366455078125
0.745086669921875
0.13702392578125
0.58441162109375
0.650482177734375
0.130462646484375
0.58624267578125
0.6591796875
0.13580322265625
0.55816650390625
0.679168701171875
0.142822265625
0.540313720703125
0.481109619140625
0.1983642578125
0.73974609375
0.454559326171875
0.202178955078125
0.74432373046875
0.422821044921875
0.225067138671875
0.75225830078125
0.397186279296875
0.266571044921875
0.76446533203125
0.314788818359375
0.32470703125
0.764007568359375
0.269775390625
0.349578857421875
0.760955810546875
0.254364013671875
0.37628173828125
0.757293701171875
0.236358642578125
0.4010009765625
0.749359130859375
0.215606689453125
0.421295166015625
0.742034912109375
0.1953125
0.442047119140625
0.735626220703125
0.19378662109375
0.453338623046875
0.730438232421875
0.18341064453125
0.4705810546875
0.721588134765625
0.171051025390625
0.491485595703125
0.711669921875
0.160980224609375
0.50384521484375
0.70770263671875
0.158233642578125
0.514678955078125
0.691680908203125
0.1458740234375
0.554351806640625
0.669403076171875
0.136260986328125
0.5816650390625
0.64727783203125
0.1324462890625
0.60455322265625
0.6329345703125
0.13092041015625
0.61920166015625
0.617523193359375
0.1318359375
0.63201904296875
0.244903564453125
0.428466796875
0.739593505859375
0.1947021484375
0.457763671875
0.730133056640625
0.181427001953125
0.475311279296875
0.72021484375
0.174560546875
0.482025146484375
0.718231201171875
0.17059326171875
0.49468994140625
0.708465576171875
0.155181884765625
0.529022216796875
0.688934326171875
0.1446533203125
0.552215576171875
0.672454833984375
0.13763427734375
0.576934814453125
0.648345947265625
0.131378173828125
0.62530517578125
0.614013671875
0.131683349609375
0.638427734375
0.60577392578125
0.133056640625
0.646514892578125
0.59173583984375
0.13580322265625
0.66192626953125
0.5712890625
0.142822265625
0.68115234375
0.54962158203125
0.152435302734375
0.699920654296875
0.5029296875
0.17242431640625
0.71990966796875
0.487823486328125
0.186004638671875
0.732879638671875
0.456695556640625
0.201873779296875
0.74554443359375
0.4241943359375
0.227508544921875
0.754241943359375
0.39337158203125
0.249481201171875
0.761260986328125
0.366363525390625
0.269927978515625
0.76446533203125
0.337677001953125
0.295257568359375
0.76629638671875
0.3125
0.305938720703125
0.76629638671875
0.297393798828125
0.334014892578125
0.764007568359375
0.412750244140625
0.439300537109375
0.704498291015625
0.1446533203125
0.58258056640625
0.626373291015625
0.1312255859375
0.654296875
0.574188232421875
0.143585205078125
0.689239501953125
0.5291748046875
0.15960693359375
0.710296630859375
0.489654541015625
0.183563232421875
0.734100341796875
0.4486083984375
0.21087646484375
0.746307373046875
0.413665771484375
0.2325439453125
0.7568359375
0.385284423828125
0.262298583984375
0.7635498046875
0.34332275390625
0.29296875
0.7659912109375
0.299224853515625
0.3424072265625
0.76324462890625
0.25543212890625
0.38360595703125
0.75347900390625
0.22247314453125
0.417938232421875
0.743865966796875
0.20263671875
0.4339599609375
0.738525390625
0.187530517578125
0.472564697265625
0.72174072265625
0.164642333984375
0.512847900390625
0.694580078125
0.145111083984375
0.550689697265625
0.67169189453125
0.1336669921875
0.596771240234375
0.595703125
0.137786865234375
0.673065185546875
0.550384521484375
0.153350830078125
0.70281982421875
0.509796142578125
0.17242431640625
0.72052001953125
0.473785400390625
0.194549560546875
0.738372802734375
0.44403076171875
0.211181640625
0.74493408203125
0.418853759765625
0.230560302734375
0.755615234375
0.39031982421875
0.251922607421875
0.76202392578125
0.3558349609375
0.279998779296875
0.765838623046875
0.315399169921875
0.32379150390625
0.76507568359375
0.275115966796875
0.3564453125
0.762481689453125
0.249176025390625
0.388336181640625
0.753021240234375
0.213775634765625
0.435638427734375
0.735321044921875
0.1824951171875
0.474395751953125
0.717620849609375
0.16143798828125
0.518951416015625
0.69183349609375
0.14739990234375
0.546875
0.6817626953125
0.140228271484375
0.57281494140625
0.65521240234375
0.131988525390625
0.612640380859375
0.618896484375
0.1324462890625
0.642547607421875
0.59356689453125
0.1373291015625
0.6683349609375
0.553131103515625
0.156097412109375
0.707855224609375
0.5010986328125
0.1776123046875
0.72601318359375
0.136871337890625
0.62255859375
0.607452392578125
0.1348876953125
0.66802978515625
0.556488037109375
0.1519775390625
0.70343017578125
0.50506591796875
0.1776123046875
0.729827880859375
0.455780029296875
0.206146240234375
0.74676513671875
0.414276123046875
0.23681640625
0.758514404296875
0.369720458984375
0.2764892578125
0.7659912109375
0.312347412109375
0.325775146484375
0.76507568359375
0.27099609375
0.36376953125
0.75836181640625
0.23895263671875
0.4071044921875
0.7440185546875
0.200347900390625
0.4571533203125
0.723876953125
0.17242431640625
0.49957275390625
0.697021484375
0.14862060546875
0.554351806640625
0.6634521484375
0.13458251953125
0.600128173828125
0.628814697265625
0.131378173828125
0.63690185546875
0.594635009765625
0.138397216796875
0.677032470703125
0.54351806640625
0.1544189453125
0.708465576171875
0.496673583984375
0.182342529296875
0.734710693359375
0.45074462890625
0.21148681640625
0.750885009765625
0.40435791015625
0.2459716796875
0.760650634765625
0.360565185546875
0.28045654296875
0.76568603515625
0.320892333984375
0.326080322265625
0.764312744140625
0.263824462890625
0.37567138671875
0.75469970703125
0.2215576171875
0.426483154296875
0.739593505859375
0.190582275390625
0.467681884765625
0.721893310546875
0.16510009765625
0.5133056640625
0.69580078125
0.146636962890625
0.55999755859375
0.660247802734375
0.1336669921875
0.603790283203125
0.6268310546875
0.131683349609375
0.64117431640625
0.590667724609375
0.13885498046875
0.679473876953125
0.540313720703125
0.166168212890625
0.723724365234375
0.4656982421875
0.200958251953125
0.745849609375
0.421142578125
0.231475830078125
0.755767822265625
0.379791259765625
0.267333984375
0.76507568359375
0.33050537109375
0.31402587890625
0.7659912109375
0.2789306640625
0.361175537109375
0.759124755859375
0.23712158203125
0.409393310546875
0.74432373046875
0.19866943359375
0.45684814453125
0.724945068359375
0.1654052734375
0.512542724609375
0.693359375
0.14556884765625
0.56427001953125
0.335693359375
0.34088134765625
0.761260986328125
0.2435302734375
0.401763916015625
0.74676513671875
0.200347900390625
0.4638671875
0.723419189453125
0.16632080078125
0.512847900390625
0.69427490234375
0.1446533203125
0.5548095703125
0.66497802734375
0.133209228515625
0.61004638671875
0.62103271484375
0.1324462890625
0.650177001953125
0.581512451171875
0.142364501953125
0.688323974609375
0.528106689453125
0.16357421875
0.71563720703125
0.477447509765625
0.196380615234375
0.7421875
0.43487548828125
0.228729248046875
0.756988525390625
0.3717041015625
0.273895263671875
0.765838623046875
0.3204345703125
0.318756103515625
0.765228271484375
0.269012451171875
0.3717041015625
0.7568359375
0.23162841796875
0.416107177734375
0.739898681640625
0.18524169921875
0.484466552734375
0.705718994140625
0.14892578125
0.546417236328125
0.6695556640625
0.135040283203125
0.600738525390625
0.624542236328125
0.13214111328125
0.657806396484375
0.564422607421875
0.148468017578125
0.699462890625
0.51239013671875
0.176849365234375
0.732574462890625
0.444793701171875
0.222015380859375
0.7568359375
0.374603271484375
0.279998779296875
0.766448974609375
0.300750732421875
0.345001220703125
0.761260986328125
0.24322509765625
0.4083251953125
0.742950439453125
0.193328857421875
0.47515869140625
0.7122802734375
0.155792236328125
0.53558349609375
0.674591064453125
0.135955810546875
0.595245361328125
0.6256103515625
0.13214111328125
0.65338134765625
0.569305419921875
0.147247314453125
0.700225830078125
0.5072021484375
0.179443359375
0.73272705078125
0.444488525390625
0.22247314453125
0.756683349609375
0.36590576171875
0.285491943359375
0.766448974609375
0.290374755859375
0.352935791015625
0.75836181640625
0.2349853515625
0.416717529296875
0.737152099609375
0.1812744140625
0.485382080078125
0.70556640625
0.151519775390625
0.556640625
0.666046142578125
0.132904052734375
0.6121826171875
0.612335205078125
0.1348876953125
0.669708251953125
0.552520751953125
0.15533447265625
0.712890625
0.22186279296875
0.47119140625
0.71197509765625
0.153045654296875
0.548858642578125
0.665435791015625
0.133056640625
0.61065673828125
0.609588623046875
0.13519287109375
0.67352294921875
0.5401611328125
0.1678466796875
0.72662353515625
0.451812744140625
0.218353271484375
0.754852294921875
0.375213623046875
0.282745361328125
0.766448974609375
0.30487060546875
0.336151123046875
0.763092041015625
0.25299072265625
0.394287109375
0.74981689453125
0.198211669921875
0.47027587890625
0.713348388671875
0.15350341796875
0.547943115234375
0.6646728515625
0.133209228515625
0.615386962890625
0.613250732421875
0.13397216796875
0.66497802734375
0.5535888671875
0.155029296875
0.710601806640625
0.484619140625
0.19073486328125
0.74188232421875
0.4168701171875
0.2435302734375
0.76171875
0.35430908203125
0.2911376953125
0.766448974609375
0.289764404296875
0.35980224609375
0.75775146484375
0.22613525390625
0.425567626953125
0.7354736328125
0.17974853515625
0.500946044921875
0.696563720703125
0.142822265625
0.57403564453125
0.646820068359375
0.1312255859375
0.63201904296875
0.590972900390625
0.141143798828125
0.689239501953125
0.517730712890625
0.17608642578125
0.7379150390625
0.420989990234375
0.254364013671875
0.7647705078125
0.311431884765625
0.35491943359375
0.749664306640625
0.181884765625
0.511474609375
0.68939208984375
0.1373291015625
0.633544921875
0.5767822265625
0.156097412109375
0.732574462890625
0.43212890625
0.23590087890625
0.761566162109375
0.323486328125
0.32806396484375
0.758209228515625
0.213470458984375
0.451202392578125
0.70343017578125
0.143280029296875
0.587310791015625
0.624237060546875
0.13427734375
0.6988525390625
0.48248291015625
0.19866943359375
0.76446533203125
0.1483154296875
0.705718994140625
0.41839599609375
0.266571044921875
0.765380859375
0.279693603515625
0.3839111328125
0.746307373046875
0.182647705078125
0.50567626953125
0.672454833984375
0.13031005859375
0.65582275390625
0.132598876953125
0.749664306640625
0.36102294921875
0.30029296875
0.764617919921875
0.256805419921875
0.399932861328125
0.7415771484375
0.1824951171875
0.49041748046875
0.698089599609375
0.1397705078125
0.585784912109375
0.623779296875
0.13092041015625
0.66009521484375
0.54779052734375
0.160369873046875
0.722198486328125
0.451812744140625
0.222930908203125
0.75775146484375
0.34637451171875
0.3118896484375
0.763092041015625
0.247039794921875
0.40771484375
0.737762451171875
0.17059326171875
0.526885986328125
0.67352294921875
0.1312255859375
0.6280517578125
0.57861328125
0.146331787109375
0.705718994140625
0.4803466796875
0.206451416015625
0.7550048828125
0.35858154296875
0.298919677734375
0.764007568359375
0.252685546875
0.400390625
0.7440185546875
0.1806640625
0.493011474609375
0.68695068359375
0.1361083984375
0.634765625
0.583648681640625
0.1458740234375
0.70953369140625
0.470428466796875
0.2099609375
0.7562255859375
0.3369140625
0.316009521484375
0.76202392578125
0.23956298828125
0.42327880859375
0.72509765625
0.161590576171875
0.540771484375
0.660858154296875
0.130157470703125
0.639495849609375
0.56854248046875
0.168304443359375
0.750732421875
0.372467041015625
0.30181884765625
0.760498046875
0.20355224609375
0.47454833984375
0.69610595703125
0.135345458984375
0.63629150390625
0.56060791015625
0.161590576171875
0.7305908203125
0.4254150390625
0.2532958984375
0.764923095703125
0.228118896484375
0.45074462890625
0.709381103515625
0.144500732421875
0.586090087890625
0.61981201171875
0.13641357421875
0.6890869140625
0.4901123046875
0.25543212890625
0.762786865234375
0.15289306640625
0.623931884765625
0.507965087890625
0.289764404296875
0.746917724609375
0.155792236328125
0.601348876953125
0.548248291015625
0.19256591796875
0.756988525390625
0.26458740234375
0.4345703125
0.690155029296875
0.130615234375
0.718994140625
0.449676513671875
0.563507080078125
0.22552490234375
0.765380859375
0.2252197265625
0.47637939453125
0.6805419921875
0.132293701171875
0.711669921875
0.393829345703125
0.31951904296875
0.74432373046875
0.138397216796875
0.6805419921875
0.438232421875
0.324249267578125
0.748138427734375
0.149688720703125
0.633697509765625
0.50811767578125
0.249176025390625
0.759429931640625
0.17791748046875
0.573272705078125
0.571136474609375
0.1727294921875
0.7611083984375
0.200653076171875
0.527496337890625
0.634613037109375
0.1568603515625
0.73211669921875
0.3594970703125
0.339813232421875
0.7574462890625
0.204925537109375
0.48675537109375
0.671539306640625
0.130615234375
0.62957763671875
0.56976318359375
0.154876708984375
0.72479248046875
0.43365478515625
0.241851806640625
0.764007568359375
0.296783447265625
0.370941162109375
0.74615478515625
0.1873779296875
0.497283935546875
0.6854248046875
0.13275146484375
0.6256103515625
0.5816650390625
0.14801025390625
0.70556640625
0.47271728515625
0.2276611328125
0.7598876953125
0.3369140625
0.314483642578125
0.762939453125
0.23681640625
0.424957275390625
0.731201171875
0.167388916015625
0.52947998046875
0.670928955078125
0.131988525390625
0.627288818359375
0.57952880859375
0.151214599609375
0.717010498046875
0.460662841796875
0.223541259765625
0.758514404296875
0.347900390625
0.30303955078125
0.764617919921875
0.250396728515625
0.415802001953125
0.732269287109375
0.166015625
0.523681640625
0.67840576171875
0.13397216796875
0.64056396484375
0.559234619140625
0.15899658203125
0.72113037109375
0.443878173828125
0.23162841796875
0.7611083984375
0.3265380859375
0.335845947265625
0.75897216796875
0.21240234375
0.218963623046875
0.590972900390625
0.175628662109375
0.737457275390625
0.400543212890625
0.76507568359375
0.54473876953125
0.615386962890625
0.142669677734375
0.708465576171875
0.46356201171875
0.243988037109375
0.763092041015625
0.24658203125
0.42724609375
0.725555419921875
0.156097412109375
0.552825927734375
0.63262939453125
0.131683349609375
0.681610107421875
0.499267578125
0.195770263671875
0.7525634765625
0.369873046875
0.294189453125
0.76507568359375
0.268402099609375
0.39520263671875
0.730438232421875
0.16265869140625
0.53741455078125
0.649871826171875
0.130157470703125
0.6646728515625
0.526885986328125
0.17486572265625
0.74432373046875
0.38604736328125
0.28076171875
0.7659912109375
0.2655029296875
0.398101806640625
0.24932861328125
0.50628662109375
0.665130615234375
0.1312255859375
0.662994384765625
0.537261962890625
0.17669677734375
0.742645263671875
0.39093017578125
0.282440185546875
0.765838623046875
0.26458740234375
0.398406982421875
0.737762451171875
0.170745849609375
0.53009033203125
0.665130615234375
0.131072998046875
0.64849853515625
0.556793212890625
0.164031982421875
0.731048583984375
0.42144775390625
0.25146484375
0.76507568359375
0.301361083984375
0.353851318359375
0.755462646484375
0.203857421875
0.4718017578125
0.704345703125
0.143280029296875
0.587158203125
0.612945556640625
0.13946533203125
0.69427490234375
0.497589111328125
0.19866943359375
0.75225830078125
0.36712646484375
0.296630859375
0.765228271484375
0.15106201171875
0.58563232421875
0.61859130859375
0.13702392578125
0.692291259765625
0.496978759765625
0.199127197265625
0.75408935546875
0.360107421875
0.30517578125
0.76416015625
0.240325927734375
0.434112548828125
0.7208251953125
0.155181884765625
0.55633544921875
0.644683837890625
0.1318359375
0.661468505859375
0.536956787109375
0.17120361328125
0.739288330078125
0.404052734375
0.260009765625
0.766143798828125
0.28472900390625
0.379486083984375
0.7452392578125
0.186767578125
0.494232177734375
0.6884765625
0.384063720703125
0.73699951171875
0.16448974609375
0.5389404296875
0.6610107421875
0.131683349609375
0.64849853515625
0.556488037109375
0.166168212890625
0.7330322265625
0.4248046875
0.246124267578125
0.764923095703125
0.29998779296875
0.36834716796875
0.749359130859375
0.18798828125
0.49468994140625
0.6884765625
0.13641357421875
0.615997314453125
0.588531494140625
0.14556884765625
0.7098388671875
0.466461181640625
0.220947265625
0.759735107421875
0.334625244140625
0.338592529296875
0.7574462890625
0.21453857421875
0.46142578125
0.709228515625
0.14404296875
0.584564208984375
0.620880126953125
0.137176513671875
0.691680908203125
0.496368408203125
0.1995849609375
0.75347900390625
0.3607177734375
0.311126708984375
0.762786865234375
0.22552490234375
0.449371337890625
0.710296630859375
0.1434326171875
0.589599609375
0.62042236328125
0.1361083984375
0.689544677734375
0.50018310546875
0.200958251953125
0.754241943359375
0.3546142578125
0.3125
0.76019287109375
0.2069091796875
0.479583740234375
0.693511962890625
0.1361083984375
0.614013671875
0.593109130859375
0.145263671875
0.70709228515625
0.46722412109375
0.222930908203125
0.762939453125
0.3173828125
0.34698486328125
0.75439453125
0.201873779296875
0.482330322265625
0.69580078125
0.138702392578125
0.605316162109375
0.59600830078125
0.1434326171875
0.70526123046875
0.472564697265625
0.219268798828125
0.759735107421875
0.32928466796875
0.336456298828125
0.75836181640625
0.210113525390625
0.4742431640625
0.700836181640625
0.140533447265625
0.602264404296875
0.58837890625
0.150299072265625
0.71868896484375
0.446319580078125
