0.001373291015625
0.001373291015625
0.00152587890625
0.001220703125
0.00152587890625
0.001373291015625
0.00152587890625
0.00152587890625
0.001373291015625
0.00152587890625
0.00152587890625
0.00152587890625
0.001373291015625
0.001678466796875
0.001678466796875
0.00152587890625
0.00152587890625
0.00152587890625
0.001373291015625
0.001373291015625
0.001373291015625
0.00152587890625
0.001373291015625
0.001220703125
0.00152587890625
0.00152587890625
0.00152587890625
0.001373291015625
0.00152587890625
0.001220703125
0.001373291015625
0.00152587890625
0.580291748046875
1.370086669921875
1.853179931640625
2.056121826171875
2.013397216796875
1.75018310546875
1.280059814453125
0.6402587890625
0.031585693359375
-0.003509521484375
0.001678466796875
0.00152587890625
0.001373291015625
0.00152587890625
0.00152587890625
0.001373291015625
0.00152587890625
0.001373291015625
0.00152587890625
0.001373291015625
0.001373291015625
0.00152587890625
0.001373291015625
0.00152587890625
0.660247802734375
1.9677734375
3.1683349609375
4.241943359375
4.429168701171875
4.41162109375
4.410552978515625
4.410400390625
4.41009521484375
4.40948486328125
4.410400390625
4.411773681640625
4.411773681640625
4.414825439453125
4.036102294921875
3.06365966796875
2.101593017578125
1.17919921875
0.34576416015625
-0.010986328125
0.00091552734375
0.0018310546875
0.00152587890625
0.001373291015625
0.00152587890625
0.001678466796875
0.19989013671875
1.1669921875
2.199554443359375
3.31573486328125
4.4189453125
4.410552978515625
4.4091796875
4.409942626953125
4.40887451171875
4.4073486328125
4.407196044921875
4.40826416015625
4.40765380859375
4.406890869140625
4.405364990234375
4.4061279296875
4.406890869140625
4.407806396484375
4.409942626953125
3.713836669921875
2.763824462890625
1.97296142578125
1.32598876953125
0.868988037109375
0.616455078125
0.584869384765625
0.78125
1.193084716796875
1.818084716796875
2.622222900390625
3.567352294921875
4.379119873046875
4.411773681640625
4.40887451171875
4.409637451171875
4.407806396484375
4.4073486328125
4.40643310546875
4.40673828125
4.406890869140625
4.40643310546875
4.40826416015625
4.407501220703125
4.40643310546875
4.40765380859375
4.408721923828125
4.4097900390625
4.41131591796875
4.412384033203125
4.33502197265625
3.542022705078125
2.784423828125
2.21282958984375
1.82891845703125
1.656646728515625
1.702423095703125
1.973724365234375
2.459716796875
3.125152587890625
3.969573974609375
4.42901611328125
4.412689208984375
4.4091796875
4.408721923828125
4.408416748046875
4.40948486328125
4.407501220703125
4.40704345703125
4.407196044921875
4.406585693359375
4.408721923828125
4.4073486328125
4.40673828125
4.407958984375
4.40704345703125
4.408416748046875
4.409027099609375
4.410247802734375
4.412689208984375
4.4134521484375
3.93402099609375
3.195343017578125
2.657623291015625
2.327423095703125
2.213592529296875
2.319793701171875
2.64068603515625
3.161468505859375
3.86810302734375
4.41375732421875
4.41558837890625
4.4097900390625
4.40826416015625
4.40521240234375
4.405059814453125
4.405059814453125
4.403839111328125
4.404296875
4.404144287109375
4.403839111328125
4.403533935546875
4.403839111328125
4.404754638671875
4.4036865234375
4.404449462890625
4.405364990234375
4.405364990234375
4.406280517578125
4.4073486328125
4.41009521484375
4.078216552734375
3.370361328125
2.87445068359375
2.58880615234375
2.5262451171875
2.689971923828125
3.090057373046875
3.69873046875
4.3572998046875
4.419403076171875
4.41070556640625
4.395599365234375
4.403228759765625
4.407958984375
4.407806396484375
4.40673828125
4.407806396484375
4.40673828125
4.40765380859375
4.408111572265625
4.406585693359375
4.406890869140625
4.407196044921875
4.407501220703125
4.409332275390625
4.4091796875
4.410247802734375
4.412841796875
4.37286376953125
3.7298583984375
3.16650390625
2.825775146484375
2.69805908203125
2.796478271484375
3.118438720703125
3.650665283203125
4.31549072265625
4.42352294921875
4.411468505859375
4.41192626953125
4.4085693359375
4.409637451171875
4.410552978515625
4.408111572265625
4.40887451171875
4.408721923828125
4.409027099609375
4.409637451171875
4.408416748046875
4.40826416015625
4.40887451171875
4.40887451171875
4.40948486328125
4.40887451171875
4.407806396484375
4.4097900390625
4.410400390625
4.41314697265625
4.289093017578125
3.626861572265625
3.1298828125
2.860107421875
2.810516357421875
2.995452880859375
3.4002685546875
3.99932861328125
4.418182373046875
4.410552978515625
4.40521240234375
4.40582275390625
4.404296875
4.405059814453125
4.403839111328125
4.403839111328125
4.40338134765625
4.40277099609375
4.403228759765625
4.40399169921875
4.403076171875
4.4036865234375
4.405364990234375
4.40704345703125
4.4073486328125
4.406585693359375
4.408111572265625
4.4097900390625
4.410858154296875
4.413604736328125
4.070892333984375
3.446044921875
3.048553466796875
2.8717041015625
2.92510986328125
3.206634521484375
3.7030029296875
4.325103759765625
4.422454833984375
4.41131591796875
4.409332275390625
4.409637451171875
4.407958984375
4.407196044921875
4.4073486328125
4.4061279296875
4.40673828125
4.40704345703125
4.4024658203125
4.3988037109375
4.398345947265625
4.397125244140625
4.394683837890625
4.3951416015625
4.3975830078125
4.400482177734375
4.4000244140625
4.39910888671875
4.399261474609375
4.34661865234375
3.725433349609375
3.22052001953125
2.948760986328125
2.910308837890625
3.115386962890625
3.547515869140625
4.180908203125
4.413909912109375
4.4000244140625
4.3988037109375
4.39788818359375
4.39483642578125
4.396209716796875
4.397430419921875
4.396209716796875
4.39361572265625
4.39483642578125
4.39544677734375
4.3963623046875
4.39483642578125
4.394378662109375
4.39239501953125
4.39208984375
4.396514892578125
4.39788818359375
4.398956298828125
4.3988037109375
4.40032958984375
4.235382080078125
3.596954345703125
3.148651123046875
2.935943603515625
2.9547119140625
3.2049560546875
3.6761474609375
4.2987060546875
4.41162109375
4.398040771484375
4.398193359375
4.396514892578125
4.395904541015625
4.39666748046875
4.398040771484375
4.398345947265625
4.3951416015625
4.393768310546875
4.3939208984375
4.39544677734375
4.39483642578125
4.395294189453125
4.393463134765625
4.394683837890625
4.39422607421875
4.396514892578125
4.396820068359375
4.398956298828125
4.39910888671875
4.38507080078125
3.81683349609375
3.292388916015625
2.99896240234375
2.939300537109375
3.111724853515625
3.5150146484375
4.116363525390625
4.414215087890625
4.4012451171875
4.3988037109375
4.3994140625
4.39666748046875
4.39727783203125
4.39788818359375
4.39697265625
4.39788818359375
4.39697265625
4.396514892578125
4.3963623046875
4.3963623046875
4.395751953125
4.396209716796875
4.39605712890625
4.395599365234375
4.39483642578125
4.3975830078125
4.399566650390625
4.403228759765625
4.404754638671875
3.897552490234375
3.33526611328125
3.025054931640625
2.95013427734375
4.42535400390625
4.41192626953125
4.407501220703125
4.406585693359375
4.40673828125
4.406585693359375
4.40704345703125
4.40673828125
4.40643310546875
4.407806396484375
4.40673828125
4.40643310546875
4.407501220703125
4.4073486328125
4.409027099609375
4.4097900390625
4.41314697265625
4.4140625
3.97552490234375
3.40057373046875
3.07159423828125
2.974853515625
3.114471435546875
3.4844970703125
4.05609130859375
4.424285888671875
4.413909912109375
4.4097900390625
4.409942626953125
4.406890869140625
4.40826416015625
4.4073486328125
4.40673828125
4.407196044921875
4.406280517578125
4.408111572265625
4.407196044921875
4.394683837890625
4.39178466796875
4.387969970703125
4.391632080078125
4.393768310546875
4.393768310546875
4.3939208984375
4.396209716796875
4.396820068359375
4.398651123046875
4.39849853515625
4.400634765625
4.402313232421875
4.404296875
4.140472412109375
3.523101806640625
3.133697509765625
2.97698974609375
3.061676025390625
3.38531494140625
3.92852783203125
4.405059814453125
4.40643310546875
4.4024658203125
4.40032958984375
4.399871826171875
4.4012451171875
4.400482177734375
4.399871826171875
4.39727783203125
4.397735595703125
4.396820068359375
4.398345947265625
4.398956298828125
4.397735595703125
4.3975830078125
4.397125244140625
4.398193359375
4.398651123046875
4.399871826171875
4.400634765625
4.402618408203125
4.40399169921875
4.03045654296875
3.441162109375
3.09356689453125
2.977752685546875
3.104095458984375
3.469696044921875
4.08966064453125
4.4183349609375
4.40460205078125
4.400634765625
4.39849853515625
4.399261474609375
4.398345947265625
4.397430419921875
4.39849853515625
4.398651123046875
4.398193359375
4.39910888671875
4.397735595703125
4.3988037109375
4.397735595703125
4.395904541015625
4.395599365234375
4.396514892578125
4.398345947265625
4.399261474609375
4.4000244140625
4.3377685546875
3.679656982421875
3.204498291015625
2.993316650390625
3.0279541015625
3.303070068359375
3.807525634765625
4.37255859375
4.4061279296875
4.398651123046875
4.39727783203125
4.395599365234375
4.3951416015625
4.397125244140625
4.398651123046875
4.39788818359375
4.3975830078125
4.3963623046875
4.398956298828125
4.398956298828125
4.398956298828125
4.39788818359375
4.397735595703125
4.398193359375
4.3994140625
4.40032958984375
4.400787353515625
4.40277099609375
4.40460205078125
4.14154052734375
3.52264404296875
3.1365966796875
2.9840087890625
3.069305419921875
3.424224853515625
3.984375
4.41009521484375
4.405517578125
4.401702880859375
4.400177001953125
4.39910888671875
4.398956298828125
4.397735595703125
4.39788818359375
4.399261474609375
4.398651123046875
4.400177001953125
4.397430419921875
4.398651123046875
4.39788818359375
4.39910888671875
4.3994140625
4.4000244140625
4.398956298828125
4.40093994140625
4.402008056640625
4.40399169921875
4.40460205078125
3.88458251953125
3.347320556640625
3.050384521484375
2.993927001953125
3.196563720703125
3.625640869140625
4.26422119140625
4.413909912109375
4.402313232421875
4.400177001953125
4.399566650390625
4.3988037109375
4.397430419921875
4.395751953125
4.395599365234375
4.395294189453125
4.394073486328125
4.394989013671875
4.39544677734375
4.395904541015625
4.394378662109375
4.39453125
4.394073486328125
4.395751953125
4.397430419921875
4.39971923828125
4.40216064453125
4.337005615234375
3.71063232421875
3.242340087890625
3.010101318359375
3.02001953125
3.268585205078125
3.753204345703125
4.346771240234375
4.41070556640625
4.400634765625
4.4012451171875
4.4000244140625
4.398345947265625
4.397430419921875
4.39971923828125
4.398345947265625
4.397735595703125
4.3975830078125
4.39849853515625
4.400634765625
4.3994140625
4.40032958984375
4.40032958984375
4.40185546875
4.402618408203125
4.404449462890625
4.405670166015625
4.01214599609375
3.431243896484375
3.091583251953125
2.990264892578125
3.13873291015625
3.528289794921875
4.13421630859375
4.41650390625
4.401397705078125
4.397735595703125
4.4024658203125
4.408721923828125
4.408111572265625
4.40765380859375
4.40673828125
4.407806396484375
4.406890869140625
4.40704345703125
4.407196044921875
4.406280517578125
4.4073486328125
4.407196044921875
4.40765380859375
4.40765380859375
4.40704345703125
4.409027099609375
4.409942626953125
4.412689208984375
4.389190673828125
3.8140869140625
3.30902099609375
3.042449951171875
3.017730712890625
3.23760986328125
3.6871337890625
4.302520751953125
4.4207763671875
4.408721923828125
4.4085693359375
4.406280517578125
4.407196044921875
4.40643310546875
4.4061279296875
4.40399169921875
4.402923583984375
4.403228759765625
4.40338134765625
4.404144287109375
4.402923583984375
4.403533935546875
4.402923583984375
4.401702880859375
4.393768310546875
4.395751953125
4.4049072265625
4.41253662109375
4.413299560546875
4.298858642578125
3.665618896484375
3.222808837890625
3.016357421875
3.049468994140625
3.323974609375
3.81744384765625
4.38262939453125
4.4189453125
4.406890869140625
4.400787353515625
4.400482177734375
4.400787353515625
4.400482177734375
4.39910888671875
4.406280517578125
4.407501220703125
4.408111572265625
4.401092529296875
4.399261474609375
4.398193359375
4.399871826171875
4.40093994140625
4.4000244140625
4.3988037109375
4.397125244140625
4.39849853515625
4.39971923828125
4.40216064453125
3.96148681640625
3.37982177734375
3.06427001953125
3.00506591796875
3.198089599609375
3.6273193359375
4.262542724609375
4.410400390625
4.398651123046875
4.395904541015625
4.397430419921875
4.395294189453125
4.3975830078125
4.396209716796875
4.39483642578125
4.3939208984375
4.394989013671875
4.394989013671875
4.394073486328125
4.395294189453125
4.394989013671875
4.396209716796875
4.393768310546875
4.393157958984375
4.39544677734375
4.398193359375
4.395751953125
3.850555419921875
3.317413330078125
3.03863525390625
3.00872802734375
3.226776123046875
3.67645263671875
4.292449951171875
4.406585693359375
4.395294189453125
4.394378662109375
4.393463134765625
4.392852783203125
4.391632080078125
4.39361572265625
4.394378662109375
4.394378662109375
4.394989013671875
4.394683837890625
4.39483642578125
4.395294189453125
4.397430419921875
4.39727783203125
4.398193359375
4.40093994140625
4.39849853515625
4.398651123046875
4.400787353515625
4.40399169921875
4.167633056640625
3.527679443359375
3.13751220703125
2.99224853515625
3.094024658203125
3.449249267578125
4.0478515625
4.414215087890625
4.402008056640625
4.399261474609375
4.39849853515625
4.396820068359375
4.39849853515625
4.4000244140625
4.399261474609375
4.39788818359375
4.39666748046875
4.396514892578125
4.39727783203125
4.39697265625
4.39605712890625
4.396209716796875
4.39666748046875
4.395904541015625
4.396820068359375
4.398193359375
4.3988037109375
4.40460205078125
4.112548828125
3.496551513671875
3.117523193359375
2.99407958984375
4.402008056640625
4.40032958984375
4.39971923828125
4.400177001953125
4.402313232421875
4.21783447265625
3.558807373046875
3.1524658203125
2.9986572265625
3.126373291015625
3.510589599609375
4.1436767578125
4.41864013671875
4.39788818359375
4.39788818359375
4.40185546875
4.402313232421875
4.407806396484375
4.40765380859375
4.4085693359375
4.4073486328125
4.40826416015625
4.408111572265625
4.408416748046875
4.407501220703125
4.40887451171875
4.40704345703125
4.408416748046875
4.408416748046875
4.409027099609375
4.410400390625
4.41162109375
4.414215087890625
4.06280517578125
3.455047607421875
3.100128173828125
3.009490966796875
3.173065185546875
3.582611083984375
4.221649169921875
4.421844482421875
4.408721923828125
4.40765380859375
4.405975341796875
4.406280517578125
4.404144287109375
4.404144287109375
4.404144287109375
4.404144287109375
4.404296875
4.40460205078125
4.403839111328125
4.403533935546875
4.40338134765625
4.404449462890625
4.40460205078125
4.40765380859375
4.4085693359375
4.4122314453125
4.41375732421875
4.091033935546875
3.476104736328125
3.112335205078125
3.01055908203125
3.162994384765625
3.575439453125
4.204864501953125
4.4256591796875
4.411468505859375
4.410858154296875
4.409332275390625
4.409027099609375
4.407958984375
4.406890869140625
4.40765380859375
4.407501220703125
4.407958984375
4.4073486328125
4.40704345703125
4.40765380859375
4.407806396484375
4.40826416015625
4.408416748046875
4.4091796875
4.40887451171875
4.410247802734375
4.410858154296875
4.4146728515625
4.148101806640625
3.524322509765625
3.145294189453125
3.012237548828125
3.134307861328125
3.511199951171875
4.11651611328125
4.425811767578125
4.41131591796875
4.410552978515625
4.407196044921875
4.40826416015625
4.407806396484375
4.40765380859375
4.408111572265625
4.40704345703125
4.408416748046875
4.407196044921875
4.408111572265625
4.4073486328125
4.407806396484375
4.406585693359375
4.40582275390625
4.405517578125
4.407501220703125
4.408721923828125
4.411163330078125
4.00604248046875
3.423309326171875
3.088836669921875
3.017425537109375
3.20404052734375
3.63372802734375
4.268341064453125
4.419403076171875
4.40765380859375
4.406585693359375
4.405517578125
4.405517578125
4.404144287109375
4.405517578125
4.4061279296875
4.4073486328125
4.405975341796875
4.40704345703125
4.406890869140625
4.406890869140625
4.4073486328125
4.4073486328125
4.407501220703125
4.40765380859375
4.4091796875
4.408721923828125
4.411773681640625
4.41375732421875
4.033203125
3.44818115234375
3.10455322265625
3.015899658203125
3.18450927734375
3.599395751953125
4.2340087890625
4.423980712890625
4.411163330078125
4.4091796875
4.41070556640625
4.40826416015625
4.40826416015625
4.407501220703125
4.40673828125
4.4073486328125
4.406585693359375
4.40765380859375
4.407196044921875
4.407958984375
4.40643310546875
4.407196044921875
4.40704345703125
4.408416748046875
4.4085693359375
4.409942626953125
4.41192626953125
4.413299560546875
4.116363525390625
3.488006591796875
3.126373291015625
3.014678955078125
3.1597900390625
3.552398681640625
4.165802001953125
4.426116943359375
4.41162109375
4.409942626953125
4.409637451171875
4.40765380859375
4.407958984375
4.4073486328125
4.405670166015625
4.403839111328125
4.404296875
4.403839111328125
4.40399169921875
4.4024658203125
4.405059814453125
4.4036865234375
4.404754638671875
4.404754638671875
4.4061279296875
4.405670166015625
4.40826416015625
4.4097900390625
4.11712646484375
3.496246337890625
3.124847412109375
3.01239013671875
3.158416748046875
3.5552978515625
4.17877197265625
4.425506591796875
4.4110107421875
4.41009521484375
4.3975830078125
4.404144287109375
4.406890869140625
4.407958984375
4.40704345703125
4.407501220703125
4.40704345703125
4.407806396484375
4.406280517578125
4.40704345703125
4.406585693359375
4.407196044921875
4.40765380859375
4.408721923828125
4.409332275390625
4.409332275390625
4.412994384765625
4.412841796875
3.87298583984375
3.329925537109375
3.05419921875
3.03924560546875
