3.47686767578125
3.548431396484375
4.376678466796875
4.417266845703125
3.514251708984375
4.42626953125
4.4158935546875
3.837890625
4.434661865234375
3.964691162109375
4.204254150390625
4.43206787109375
3.947601318359375
4.187774658203125
4.431610107421875
4.032440185546875
4.14306640625
4.431915283203125
4.1766357421875
4.3719482421875
4.41619873046875
3.44573974609375
4.390716552734375
4.416961669921875
3.44390869140625
4.385986328125
4.417572021484375
3.455810546875
4.37164306640625
3.639984130859375
4.429931640625
4.412689208984375
3.82415771484375
4.43511962890625
4.398345947265625
3.9080810546875
4.43695068359375
4.365386962890625
3.970947265625
4.43817138671875
4.324951171875
4.0093994140625
4.436187744140625
4.300384521484375
4.039459228515625
4.436798095703125
4.291229248046875
4.0447998046875
4.436187744140625
4.271697998046875
4.06463623046875
4.435882568359375
4.242401123046875
4.066009521484375
4.435577392578125
4.227142333984375
4.0924072265625
4.4354248046875
4.203948974609375
4.100341796875
4.434356689453125
4.21630859375
4.096527099609375
4.434051513671875
4.173583984375
4.13330078125
4.43359375
4.161376953125
4.129180908203125
4.43328857421875
4.07073974609375
4.170684814453125
4.43206787109375
4.040679931640625
4.184112548828125
4.430694580078125
4.00360107421875
4.199066162109375
4.431610107421875
3.966827392578125
4.215545654296875
4.4317626953125
3.959197998046875
4.22637939453125
4.431304931640625
3.9227294921875
4.2352294921875
4.43023681640625
3.879547119140625
4.25445556640625
4.429779052734375
3.863067626953125
4.25384521484375
4.42535400390625
3.8330078125
4.25323486328125
4.42718505859375
3.85833740234375
4.25445556640625
4.425506591796875
3.800201416015625
4.286346435546875
4.423675537109375
3.73321533203125
4.293670654296875
4.422607421875
3.733978271484375
4.28741455078125
4.4232177734375
3.72894287109375
4.295654296875
4.422760009765625
3.70269775390625
4.30755615234375
4.425811767578125
3.65478515625
4.32861328125
4.424896240234375
3.594818115234375
4.339752197265625
4.423828125
3.54339599609375
4.356689453125
4.42291259765625
3.542022705078125
4.358062744140625
4.422454833984375
3.51593017578125
4.371337890625
4.422760009765625
3.49822998046875
4.374542236328125
4.42230224609375
3.494110107421875
4.37744140625
4.4207763671875
3.48480224609375
4.38079833984375
4.421844482421875
3.482208251953125
4.383697509765625
4.420166015625
3.47930908203125
4.387664794921875
4.420318603515625
3.4783935546875
4.3975830078125
4.19219970703125
4.18548583984375
4.4281005859375
3.8812255859375
4.25567626953125
4.42901611328125
3.798828125
4.273834228515625
4.428253173828125
3.758392333984375
4.2950439453125
4.4256591796875
3.701629638671875
4.30999755859375
4.42535400390625
3.64227294921875
4.327239990234375
4.423675537109375
3.60809326171875
4.3353271484375
4.424591064453125
3.582916259765625
4.344482421875
4.4232177734375
3.563079833984375
4.349517822265625
4.419403076171875
3.514862060546875
4.363250732421875
4.41925048828125
3.4906005859375
4.378662109375
4.416656494140625
3.475494384765625
4.388427734375
4.416656494140625
3.4759521484375
4.390411376953125
4.416046142578125
3.486785888671875
4.404296875
4.414215087890625
3.509063720703125
4.408721923828125
4.4146728515625
3.546142578125
4.417877197265625
4.41619873046875
3.59222412109375
4.422760009765625
4.415740966796875
3.648681640625
4.429931640625
4.414825439453125
3.744049072265625
4.43359375
4.4158935546875
3.775177001953125
4.433441162109375
4.415283203125
3.827362060546875
4.434356689453125
4.411163330078125
3.8946533203125
4.435882568359375
4.3994140625
3.90655517578125
4.4366455078125
4.39056396484375
3.954620361328125
4.428253173828125
4.329681396484375
4.012451171875
4.4268798828125
4.302825927734375
4.048614501953125
4.437103271484375
4.24285888671875
4.095001220703125
4.43511962890625
4.191741943359375
4.132232666015625
4.434967041015625
4.09393310546875
4.175872802734375
4.432220458984375
3.985748291015625
4.222412109375
4.429931640625
3.94012451171875
4.2327880859375
4.429473876953125
3.87603759765625
4.251861572265625
4.4287109375
3.824615478515625
4.276123046875
4.428558349609375
3.742828369140625
4.29931640625
4.42657470703125
3.69110107421875
4.311676025390625
4.42474365234375
3.6273193359375
4.32830810546875
4.422149658203125
3.553466796875
4.352874755859375
4.417877197265625
3.499298095703125
4.3756103515625
4.417266845703125
3.475799560546875
4.39178466796875
4.416351318359375
3.493194580078125
4.40521240234375
4.2120361328125
4.13848876953125
4.42718505859375
4.007110595703125
4.216461181640625
4.428253173828125
3.86383056640625
4.271240234375
4.42779541015625
3.71002197265625
4.31365966796875
4.424285888671875
3.590240478515625
4.350738525390625
4.422454833984375
3.497314453125
4.377899169921875
4.419708251953125
3.477630615234375
4.40185546875
4.417877197265625
3.51165771484375
4.414215087890625
4.41619873046875
3.5833740234375
4.423828125
4.41558837890625
3.64654541015625
4.427642822265625
4.41619873046875
3.713836669921875
4.4317626953125
4.41131591796875
3.8128662109375
4.427337646484375
4.400787353515625
3.92333984375
4.424285888671875
4.351806640625
3.980560302734375
4.42718505859375
4.234466552734375
4.104766845703125
4.42108154296875
4.084014892578125
4.17388916015625
4.4183349609375
3.931427001953125
4.244232177734375
4.416961669921875
3.7786865234375
4.28009033203125
4.412384033203125
3.628997802734375
4.334259033203125
4.4110107421875
3.532867431640625
4.355316162109375
4.4085693359375
3.466339111328125
4.389190673828125
4.407196044921875
3.514862060546875
4.408111572265625
4.406585693359375
3.626251220703125
4.42352294921875
4.41192626953125
3.71337890625
4.43084716796875
4.41162109375
3.797149658203125
4.43145751953125
4.40521240234375
3.898468017578125
4.432830810546875
4.366455078125
3.990020751953125
4.432525634765625
4.27642822265625
4.066925048828125
4.4317626953125
4.194488525390625
4.148101806640625
4.431304931640625
4.02557373046875
4.208221435546875
4.43023681640625
3.906707763671875
4.252777099609375
4.427947998046875
3.724212646484375
4.307708740234375
4.4256591796875
3.620758056640625
4.336090087890625
4.42291259765625
3.540191650390625
4.365692138671875
4.422149658203125
3.4796142578125
4.3878173828125
4.419708251953125
3.487701416015625
4.406280517578125
4.418487548828125
3.537445068359375
4.419097900390625
4.41650390625
3.59954833984375
4.426422119140625
4.4158935546875
3.69140625
4.43145751953125
4.41436767578125
3.770599365234375
4.43603515625
3.611602783203125
4.353790283203125
4.42230224609375
3.4844970703125
4.389495849609375
4.419708251953125
3.488006591796875
4.40673828125
4.41802978515625
3.53485107421875
4.419403076171875
4.415740966796875
3.639068603515625
4.43023681640625
4.415130615234375
3.762054443359375
4.434356689453125
4.41497802734375
3.88641357421875
4.436187744140625
4.366302490234375
4.008636474609375
4.435272216796875
4.2755126953125
4.080963134765625
4.4317626953125
4.135284423828125
4.1802978515625
4.42840576171875
3.94073486328125
4.250335693359375
4.425811767578125
3.736419677734375
4.308013916015625
4.422149658203125
3.5845947265625
4.344635009765625
4.4183349609375
3.49395751953125
4.379119873046875
4.416961669921875
3.481903076171875
4.40460205078125
4.41375732421875
3.544769287109375
4.4195556640625
4.415435791015625
3.644256591796875
4.428558349609375
4.41558837890625
3.744659423828125
4.43267822265625
4.41497802734375
3.876800537109375
4.43634033203125
4.379425048828125
3.988037109375
4.435882568359375
4.28680419921875
4.0924072265625
4.43511962890625
4.12353515625
4.16778564453125
4.432525634765625
3.964080810546875
4.243316650390625
4.4287109375
3.7799072265625
4.302215576171875
4.42535400390625
3.600921630859375
4.351806640625
4.421844482421875
3.49884033203125
4.38232421875
4.41986083984375
3.4783935546875
4.3988037109375
4.41741943359375
3.519287109375
4.415283203125
4.41680908203125
3.583831787109375
4.42413330078125
4.416046142578125
3.69873046875
4.429779052734375
4.4146728515625
3.8043212890625
4.43572998046875
4.4085693359375
3.922576904296875
4.436187744140625
4.324951171875
4.058074951171875
4.43511962890625
4.15069580078125
4.16168212890625
4.4329833984375
3.96636962890625
4.241180419921875
4.42779541015625
3.76617431640625
4.3048095703125
4.4219970703125
3.58551025390625
4.35150146484375
4.418487548828125
3.48602294921875
4.391021728515625
4.41680908203125
3.508758544921875
4.410247802734375
4.412384033203125
3.59130859375
4.42230224609375
3.772125244140625
4.31243896484375
4.42108154296875
3.56414794921875
4.3585205078125
4.418487548828125
3.47686767578125
4.39910888671875
4.41802978515625
3.527984619140625
4.418792724609375
4.41619873046875
3.7109375
4.431915283203125
4.415130615234375
3.81500244140625
4.435577392578125
4.395294189453125
3.95843505859375
4.43572998046875
4.293212890625
4.079742431640625
4.4342041015625
4.1094970703125
4.19097900390625
4.429473876953125
3.850250244140625
4.284515380859375
4.426727294921875
3.625946044921875
4.342803955078125
4.422607421875
3.49822998046875
4.3865966796875
4.420013427734375
3.501434326171875
4.415740966796875
4.416961669921875
3.610076904296875
4.427490234375
4.415130615234375
3.732452392578125
4.433441162109375
4.413299560546875
3.89617919921875
4.43572998046875
4.364166259765625
4.027252197265625
4.434814453125
4.200897216796875
4.141082763671875
4.43084716796875
3.98712158203125
4.235992431640625
4.4287109375
3.770904541015625
4.30938720703125
4.425048828125
3.575897216796875
4.35882568359375
4.421539306640625
3.477783203125
4.3988037109375
4.41741943359375
3.531494140625
4.41650390625
4.412841796875
3.650970458984375
4.42657470703125
4.411468505859375
3.826141357421875
4.43328857421875
4.38140869140625
4.001617431640625
4.431915283203125
4.176177978515625
4.165802001953125
4.4268798828125
3.87054443359375
4.2822265625
4.422607421875
3.630523681640625
4.345855712890625
4.421234130859375
3.478851318359375
4.398040771484375
4.418182373046875
3.537750244140625
4.421539306640625
4.4146728515625
3.71368408203125
4.434051513671875
4.383087158203125
4.1143798828125
4.42779541015625
3.573760986328125
4.365081787109375
4.42108154296875
3.478851318359375
4.40673828125
4.4171142578125
3.575439453125
4.425506591796875
4.41558837890625
3.743743896484375
4.43389892578125
4.409942626953125
3.943023681640625
4.436492919921875
4.281158447265625
4.10736083984375
4.434051513671875
4.022216796875
4.226226806640625
4.4171142578125
3.661956787109375
4.432220458984375
4.416656494140625
3.88397216796875
4.437103271484375
4.33197021484375
4.0594482421875
4.434661865234375
4.13421630859375
4.18060302734375
4.42962646484375
3.87786865234375
4.293670654296875
4.425201416015625
3.5760498046875
4.359893798828125
4.42138671875
3.477630615234375
4.40216064453125
4.4183349609375
3.568572998046875
4.4268798828125
4.41497802734375
3.746185302734375
4.433135986328125
4.402008056640625
3.948822021484375
4.43267822265625
4.276275634765625
4.097442626953125
4.4293212890625
4.03564453125
4.218292236328125
4.425506591796875
3.746490478515625
4.311981201171875
4.421234130859375
3.519439697265625
4.376068115234375
4.415435791015625
3.49517822265625
4.409942626953125
4.41253662109375
3.636627197265625
4.429779052734375
4.414825439453125
3.834228515625
4.43572998046875
4.380645751953125
4.00909423828125
4.43511962890625
4.21630859375
4.141998291015625
4.43145751953125
3.9544677734375
4.25628662109375
4.427490234375
3.666534423828125
4.34173583984375
4.423370361328125
3.48388671875
4.394378662109375
4.41925048828125
3.5467529296875
4.423980712890625
4.415283203125
3.726806640625
4.43450927734375
4.414215087890625
3.914947509765625
4.436187744140625
4.298858642578125
4.10186767578125
4.432373046875
4.04052734375
4.22821044921875
4.4287109375
3.76556396484375
4.31396484375
4.425048828125
3.55560302734375
4.3707275390625
4.420318603515625
3.480987548828125
4.40887451171875
4.416656494140625
3.6212158203125
4.42962646484375
4.415435791015625
3.8177490234375
4.435882568359375
4.379730224609375
4.02435302734375
4.436798095703125
4.172821044921875
4.173126220703125
4.43328857421875
3.840789794921875
4.297027587890625
4.427337646484375
3.570556640625
4.365081787109375
4.4189453125
3.47900390625
4.402618408203125
4.412078857421875
3.610076904296875
4.4256591796875
4.412078857421875
3.81256103515625
4.432525634765625
4.37713623046875
4.003753662109375
4.431304931640625
3.472900390625
4.398193359375
4.41497802734375
3.5748291015625
4.422454833984375
4.412384033203125
3.780364990234375
4.42901611328125
4.366607666015625
4.02191162109375
4.42596435546875
4.127655029296875
4.2047119140625
4.41680908203125
3.62945556640625
4.34600830078125
4.40948486328125
3.4881591796875
4.40948486328125
4.40521240234375
3.73565673828125
4.42718505859375
4.390106201171875
4.02099609375
4.42108154296875
3.97918701171875
4.2822265625
4.413299560546875
3.49700927734375
4.38385009765625
4.40765380859375
3.56231689453125
4.416351318359375
4.402313232421875
3.86993408203125
4.423370361328125
4.2236328125
4.124908447265625
4.42230224609375
3.87664794921875
4.2767333984375
4.41162109375
3.46405029296875
4.4049072265625
4.404754638671875
3.719329833984375
4.425811767578125
4.390411376953125
3.981170654296875
4.422760009765625
4.165191650390625
4.1571044921875
4.4183349609375
3.84979248046875
4.29046630859375
4.411773681640625
3.50250244140625
4.372711181640625
4.40673828125
3.50250244140625
4.407958984375
4.403076171875
3.6956787109375
4.420013427734375
4.397735595703125
3.9373779296875
4.41558837890625
4.1888427734375
4.144439697265625
4.408416748046875
3.79058837890625
4.28955078125
4.405670166015625
3.484344482421875
4.381103515625
4.40216064453125
3.582916259765625
4.416351318359375
4.401092529296875
3.898162841796875
4.420623779296875
4.144744873046875
4.171600341796875
4.4207763671875
3.717041015625
4.332275390625
4.410247802734375
3.465118408203125
4.4073486328125
4.405364990234375
3.82720947265625
4.42474365234375
4.13787841796875
4.2132568359375
4.4140625
3.574066162109375
4.376678466796875
4.409027099609375
3.574676513671875
4.423980712890625
4.40338134765625
3.96087646484375
4.427947998046875
3.570556640625
4.4329833984375
3.608245849609375
4.370880126953125
4.4183349609375
3.585052490234375
4.42962646484375
4.414215087890625
3.9288330078125
4.434967041015625
4.170379638671875
4.19525146484375
4.428863525390625
3.629302978515625
4.365386962890625
4.419097900390625
3.5137939453125
4.4232177734375
4.41497802734375
3.81103515625
4.435882568359375
4.3109130859375
4.107513427734375
4.430999755859375
3.85406494140625
4.431915283203125
3.65386962890625
4.352264404296875
4.419403076171875
3.522186279296875
4.42291259765625
4.415740966796875
3.810577392578125
4.43389892578125
4.32220458984375
3.754119873046875
4.403839111328125
3.6883544921875
4.418792724609375
4.219207763671875
4.203948974609375
4.405975341796875
3.46343994140625
4.415130615234375
4.371795654296875
4.16290283203125
4.4091796875
3.4771728515625
4.39208984375
4.405670166015625
3.649749755859375
4.423065185546875
4.401702880859375
3.988800048828125
4.434661865234375
4.143524169921875
4.210968017578125
4.428253173828125
3.67340087890625
4.346466064453125
4.420318603515625
3.491668701171875
4.4158935546875
4.41650390625
4.30389404296875
4.422607421875
3.47381591796875
4.404144287109375
4.417724609375
3.635101318359375
4.43328857421875
4.407958984375
3.961639404296875
4.43603515625
4.1229248046875
4.216766357421875
4.42657470703125
3.631134033203125
4.355316162109375
4.420013427734375
3.514251708984375
4.422760009765625
4.415435791015625
3.827362060546875
4.435882568359375
4.3017578125
4.111785888671875
4.431915283203125
3.876953125
4.309539794921875
4.423675537109375
3.47564697265625
4.388427734375
4.401397705078125
3.663482666015625
4.43206787109375
4.411163330078125
3.941650390625
4.432525634765625
4.1900634765625
4.1802978515625
4.42535400390625
3.720550537109375
4.336700439453125
4.4189453125
3.4735107421875
4.4061279296875
4.412689208984375
3.68194580078125
4.429779052734375
4.404449462890625
4.008026123046875
4.434661865234375
4.009246826171875
4.262847900390625
4.424591064453125
3.528900146484375
4.386444091796875
4.418182373046875
3.570709228515625
4.43084716796875
4.416656494140625
3.91876220703125
4.43756103515625
4.251251220703125
4.166107177734375
4.42962646484375
3.77288818359375
4.32281494140625
4.42352294921875
3.481903076171875
4.40887451171875
4.4171142578125
3.66851806640625
4.433746337890625
4.408416748046875
4.020233154296875
4.434356689453125
4.0625
4.2633056640625
3.892669677734375
4.366607666015625
4.420318603515625
3.5308837890625
4.4244384765625
4.4146728515625
3.855438232421875
4.436492919921875
4.271240234375
4.14215087890625
4.430084228515625
3.757781982421875
4.327239990234375
4.423065185546875
3.477935791015625
4.412841796875
4.416961669921875
3.715057373046875
4.435272216796875
4.39453125
4.048004150390625
4.433441162109375
3.9886474609375
4.264373779296875
4.426727294921875
3.528900146484375
4.383544921875
4.41497802734375
3.550567626953125
4.4244384765625
4.4122314453125
3.8983154296875
4.433441162109375
4.23614501953125
4.156494140625
4.425811767578125
3.734893798828125
4.333038330078125
4.417877197265625
3.4747314453125
4.412689208984375
4.41162109375
3.725738525390625
4.432373046875
4.391632080078125
4.04510498046875
4.433135986328125
4.0087890625
4.25506591796875
4.426422119140625
3.55194091796875
4.388427734375
4.4183349609375
3.57940673828125
